#####法兰王国的暗流#####
#暗流1#
Event	王室安全顾问	0	2	0	1	1	0	1521	52	23	52	23	52	23	52	23	1	60000	5	106502	0	1	0	Cayenne_anliu1_1.txt
Event	木桶	0	2	0	1	1	0	2200	70	31	70	31	70	31	70	31	1	60000	6	18	0	1	0	Cayenne_anliu1_2.txt
Event	大树	0	2	0	1	1	0	2100	66	45	66	45	66	45	66	45	1	60000	6	18	0	1	0	Cayenne_anliu1_3.txt
Event	偷懒的山贼	0	2	0	1	1	0	100	250	490	250	490	250	490	250	490	1	60000	4	101821	0	1	0	Cayenne_anliu1_4.txt
Event	偷懒的山贼	0	2	0	1	1	0	60050	36	35	36	35	36	35	36	35	1	60000	4	101821	0	1	0	Cayenne_anliu1_5.txt
Event	法兰禁卫队长	0	2	0	1	1	0	60050	214	33	214	33	214	33	214	33	1	60000	4	14063	0	1	0	Cayenne_anliu1_6.txt
Event	偷懒的山贼	0	2	0	1	1	0	60050	215	36	215	36	215	36	215	36	1	60000	4	101821	0	1	0	Cayenne_anliu1_7.txt
Event	法兰禁卫队	0	2	0	1	1	0	60050	213	32	213	32	213	32	213	32	1	60000	4	14060	0	1	0	Cayenne_anliu1_8.txt
Event	法兰禁卫队	0	2	0	1	1	0	60050	215	32	215	32	215	32	215	32	1	60000	4	14058	0	1	0	Cayenne_anliu1_9.txt
Event	法兰禁卫队	0	2	0	1	1	0	60050	215	35	215	35	215	35	215	35	1	60000	4	14058	0	1	0	Cayenne_anliu1_10.txt
Event	法兰禁卫队	0	2	0	1	1	0	60050	216	36	216	36	216	36	216	36	1	60000	4	14059	0	1	0	Cayenne_anliu1_11.txt
Event	法兰禁卫队	0	2	0	1	1	0	60050	215	37	215	37	215	37	215	37	1	60000	4	14062	0	1	0	Cayenne_anliu1_12.txt
Event	法兰禁卫队	0	2	0	1	1	0	60050	214	36	214	36	214	36	214	36	1	60000	4	14061	0	1	0	Cayenne_anliu1_13.txt
#暗流2#
Event	法兰禁卫队长	0	2	0	1	1	0	1521	52	26	52	26	52	26	52	26	1	60000	4	14064	0	1	0	Cayenne_anliu2_1.txt
Event	被俘的山贼	0	2	0	1	1	0	21500	15	14	15	14	15	14	15	14	1	60000	2	101821	0	1	0	Cayenne_anliu2_2.txt
Event	袋子	0	2	0	1	1	0	1184	9	4	9	4	9	4	9	4	1	60000	4	16618	0	1	0	Cayenne_anliu2_3.txt
Event	形迹可疑的人	0	2	0	1	1	0	60053	8	4	8	4	8	4	8	4	1	60000	4	101821	0	1	0	Cayenne_anliu2_4.txt
Event	接头人	0	2	0	1	1	0	100	381	483	381	483	381	483	381	483	1	60000	4	106065	0	1	12	Cayenne_anliu2_5.txt
Event	形迹可疑的人	0	2	0	1	1	0	100	380	483	380	483	380	483	380	483	1	60000	4	101821	0	1	12	Cayenne_anliu2_6.txt
#暗流3
#注:因为使用的是官方NPC,所以直接复制EV_mag_6428,EV_mag_6438两个文档即可#
#也可以复制文档内任务部分到自己的NPC文档内#
#暗流4#
Event	树	0	2	0	1	1	0	100	373	489	373	489	373	489	373	489	1	60000	2	18	0	1	12	Cayenne_anliu4_1.txt
Event	接头人	0	2	0	1	1	0	60051	11	5	11	5	11	5	11	5	1	60000	4	106065	0	1	0	Cayenne_anliu4_2.txt
Event	形迹可疑的人	0	2	0	1	1	0	60051	9	5	9	5	9	5	9	5	1	60000	4	101821	0	1	0	Cayenne_anliu4_3.txt
Event	名册?	0	2	0	1	1	0	60054	11	12	11	12	11	12	11	12	1	60000	4	10509	0	1	0	Cayenne_anliu4_4.txt
