#####羁绊一实验#####
Event	艾尔巴尼亚使者	0	2	0	1	1	0	1511	12	14	12	14	12	14	12	14	1	60000	6	231050	0	1	0	Cayenne_jiban1_1.txt
Event	生锈的烛台	0	2	0	1	1	0	57058	51	47	51	47	51	47	51	47	1	60000	4	10316	0	1	0	Cayenne_jiban1_2.txt
Event	士兵梅伯尔	0	2	0	1	1	0	57059	25	20	25	20	25	20	25	20	1	60000	4	231049	0	1	0	Cayenne_jiban1_3.txt
Event	士兵梅伯尔	0	2	0	1	1	0	57060	14	12	14	12	14	12	14	12	1	60000	4	231049	0	1	0	Cayenne_jiban1_4.txt
Event	船员西普	0	2	0	1	1	0	43190	17	8	17	8	17	8	17	8	1	60000	6	231054	0	1	0	Cayenne_jiban1_5.txt
Event	士兵梅伯尔	0	2	0	1	1	0	57061	71	26	71	26	71	26	71	26	1	60000	6	231049	0	1	0	Cayenne_jiban1_6.txt
Event	船员西普	0	2	0	1	1	0	57062	71	26	71	26	71	26	71	26	1	60000	6	231054	0	1	0	Cayenne_jiban1_7.txt
Event	帕鲁凯斯之影	0	2	0	1	1	0	57063	23	20	23	20	23	20	23	20	1	60000	4	107911	0	1	0	Cayenne_jiban1_8.txt
Event	能量核心	0	2	0	1	1	0	57064	23	20	23	20	23	20	23	20	1	60000	4	103012	0	1	0	Cayenne_jiban1_9.txt
StandEnemy	帕鲁凯斯之影	0	61100	0	1	1	0	777	12	12	12	12	12	12	12	12	1	60000	0	101533	0	1	0	3|||0|||||3|50177|||||||||
#####羁绊二心魔#####
Event	卡鲁	0	2	0	1	1	0	43100	134	66	134	66	134	66	134	66	1	60000	4	231071	0	1	0	Cayenne_jiban2_1.txt
Event	莱诺	0	2	0	1	1	0	43571	12	8	12	8	12	8	12	8	1	60000	6	231012	0	1	0	Cayenne_jiban2_2.txt
Event	帕瓦	0	2	0	1	1	0	47010	27	10	27	10	27	10	27	10	1	60000	4	106308	0	1	0	Cayenne_jiban2_3.txt
Event	凯特	0	2	0	1	1	0	47013	25	30	25	30	25	30	25	30	1	60000	4	105027	0	1	0	Cayenne_jiban2_4.txt
Event	帕瓦	0	2	0	1	1	0	57068	66	41	66	41	66	41	66	41	1	60000	4	106308	0	1	0	Cayenne_jiban2_5.txt
Event	凯特	0	2	0	1	1	0	57068	68	41	68	41	68	41	68	41	1	60000	4	105027	0	1	0	Cayenne_jiban2_6.txt
Event	凯特?	0	2	0	1	1	0	57068	75	58	75	58	75	58	75	58	1	60000	6	105027	0	1	0	Cayenne_jiban2_7.txt
Event	凯特?	0	2	0	1	1	0	57069	14	17	14	17	14	17	14	17	1	60000	4	105027	0	1	0	Cayenne_jiban2_8.txt
Event	凯特内心的恶魔	0	2	0	1	1	0	57071	15	3	15	3	15	3	15	3	1	60000	4	107911	0	1	0	Cayenne_jiban2_9.txt
Event	凯特	0	2	0	1	1	0	57072	25	30	25	30	25	30	25	30	1	60000	4	105027	0	1	0	Cayenne_jiban2_10.txt
Event	逃出的实验员	0	2	0	1	1	0	43100	164	53	164	53	164	53	164	53	1	60000	4	14598	0	1	1	Cayenne_jiban2_11.txt
Event	逃出的实验员	0	2	0	1	1	0	43100	83	139	83	139	83	139	83	139	1	60000	4	14598	0	1	2	Cayenne_jiban2_11.txt
Event	逃出的实验员	0	2	0	1	1	0	43100	162	151	162	151	162	151	162	151	1	60000	4	14598	0	1	4	Cayenne_jiban2_11.txt
Event	逃出的实验员	0	2	0	1	1	0	43100	89	51	89	51	89	51	89	51	1	60000	4	14598	0	1	8	Cayenne_jiban2_11.txt
#####羁绊三蠢动#####
Event	大侦探汉克	0	2	0	1	1	0	1092	7	11	7	11	7	11	7	11	1	60000	6	14546	0	1	0	Cayenne_jiban3_1.txt
Event	士兵梅伯尔	0	2	0	1	1	0	43100	99	211	99	211	99	211	99	211	1	60000	4	231049	0	1	0	Cayenne_jiban3_2.txt
Event	库鲁克斯岛士兵	0	2	0	1	1	0	43000	706	705	706	705	706	705	706	705	1	60000	4	231049	0	1	0	Cayenne_jiban3_3.txt
Event		0	2	0	1	1	0	57074	12	4	12	4	12	4	12	4	1	60000	4	1	0	1	0	Cayenne_jiban3_4.txt
Event	帕瓦	0	2	0	1	1	0	57075	25	37	25	37	25	37	25	37	1	60000	4	106308	0	1	0	Cayenne_jiban3_5.txt
Event	凯特	0	2	0	1	1	0	57076	26	17	26	17	26	17	26	17	1	60000	4	105027	0	1	0	Cayenne_jiban3_6.txt
Event	凯特	0	2	0	1	1	0	57077	26	17	26	17	26	17	26	17	1	60000	4	105027	0	1	0	Cayenne_jiban3_7.txt
Event	黑暗医生	0	2	0	1	1	0	57077	28	19	28	19	28	19	28	19	1	60000	6	100602	0	1	0	Cayenne_jiban3_8.txt
Event	凯特	0	2	0	1	1	0	57078	26	17	26	17	26	17	26	17	1	60000	4	105027	0	1	0	Cayenne_jiban3_9.txt
#####羁绊四追击#####
Event	凯特	0	2	0	1	1	0	1000	137	122	137	122	137	122	137	122	1	60000	4	105027	0	1	0	Cayenne_jiban4_1.txt
Event	士兵长克鲁斯	0	2	0	1	1	0	3300	19	18	19	18	19	18	19	18	1	60000	4	14063	0	1	0	Cayenne_jiban4_2.txt
Event	士兵库克	0	2	0	1	1	0	57083	15	35	15	35	15	35	15	35	1	60000	4	14058	0	1	0	Cayenne_jiban4_3.txt
Event	阿鲁巴斯	0	2	0	1	1	0	57084	17	10	17	10	17	10	17	10	1	60000	4	100602	0	1	0	Cayenne_jiban4_4.txt
Event	改造火焰牛头怪	0	2	0	1	1	0	57085	9	5	9	5	9	5	9	5	1	60000	4	101921	0	1	0	Cayenne_jiban4_5.txt
Event	凯特	0	2	0	1	1	0	57085	31	5	31	5	31	5	31	5	1	60000	4	105027	0	1	0	Cayenne_jiban4_6.txt
Event	阿鲁巴斯	0	2	0	1	1	0	57085	33	6	33	6	33	6	33	6	1	60000	4	100602	0	1	0	Cayenne_jiban4_7.txt
Event	阿鲁巴斯	0	2	0	1	1	0	57085	52	5	52	5	52	5	52	5	1	60000	4	100602	0	1	0	Cayenne_jiban4_8.txt
Event	神秘箱	0	2	0	1	1	0	57086	9	8	9	8	9	8	9	8	1	60000	4	14615	0	1	0	Cayenne_jiban4_9.txt
#支线#
Event	古代的雕像	0	2	0	1	1	0	57083	35	17	35	17	35	17	35	17	1	60000	4	16402	0	1	0	Cayenne_jiban4_10.txt
####羁绊五永远#####
Event	赫顿摩尔	0	2	0	1	1	0	1154	17	14	17	14	17	14	17	14	1	60000	4	100011	0	1	0	Cayenne_jiban5_1.txt
Event	赫顿摩尔	0	2	0	1	1	0	57088	16	12	16	12	16	12	16	12	1	60000	4	100011	0	1	0	Cayenne_jiban5_2.txt
Event	凯特	0	2	0	1	1	0	57088	18	7	18	7	18	7	18	7	1	60000	4	105027	0	1	0	Cayenne_jiban5_3.txt
Event	看守者	0	2	0	1	1	0	57089	32	17	32	17	32	17	32	17	1	60000	4	107100	0	1	0	Cayenne_jiban5_4.txt
Event	看守者	0	2	0	1	1	0	57090	32	17	32	17	32	17	32	17	1	60000	4	107101	0	1	0	Cayenne_jiban5_5.txt
Event	看守者	0	2	0	1	1	0	57091	32	17	32	17	32	17	32	17	1	60000	4	107102	0	1	0	Cayenne_jiban5_6.txt
Event	看守者	0	2	0	1	1	0	57092	32	17	32	17	32	17	32	17	1	60000	4	107103	0	1	0	Cayenne_jiban5_7.txt
Event	奇怪的石雕	0	2	0	1	1	0	57093	20	21	20	21	20	21	20	21	1	60000	4	17234	0	1	0	Cayenne_jiban5_8.txt
Event	赫顿摩尔	0	990138	0	1	1	0	777	12	10	12	10	12	10	12	10	1	60000	4	100011	0	1	0	Cayenne_jiban5_9.txt
Event	门	0	2	0	1	1	0	57097	21	22	21	22	21	22	21	22	1	60000	4	0	0	1	0	Cayenne_jiban5_10.txt
Event	阿鲁巴斯	0	2	0	1	1	0	57097	14	5	14	5	14	5	14	5	1	60000	4	100602	0	1	0	Cayenne_jiban5_11.txt
Event	凯特	0	2	0	1	1	0	57098	13	5	13	5	13	5	13	5	1	60000	4	105027	0	1	0	Cayenne_jiban5_12.txt
Event	赫顿摩尔	0	2	0	1	1	0	57098	16	5	16	5	16	5	16	5	1	60000	4	100011	0	1	0	Cayenne_jiban5_13.txt
#支线#
Event	门	0	2	0	1	1	0	57099	10	12	10	12	10	12	10	12	1	60000	4	0	0	1	0	Cayenne_jiban5_14.txt
Event	被囚禁之人	0	2	0	1	1	0	64078	11	7	11	7	11	7	11	7	1	60000	4	14068	0	1	0	Cayenne_jiban5_15.txt
Event	被囚禁之人	0	2	0	1	1	0	64079	11	7	11	7	11	7	11	7	1	60000	4	14068	0	1	0	Cayenne_jiban5_16.txt
Event	被囚禁之人	0	2	0	1	1	0	64080	11	7	11	7	11	7	11	7	1	60000	4	14068	0	1	0	Cayenne_jiban5_17.txt
Event	被囚禁之人	0	2	0	1	1	0	64081	11	7	11	7	11	7	11	7	1	60000	4	14068	0	1	0	Cayenne_jiban5_18.txt
Event	被囚禁之人	0	2	0	1	1	0	64082	11	7	11	7	11	7	11	7	1	60000	4	14068	0	1	0	Cayenne_jiban5_19.txt
Event	被囚禁之人	0	2	0	1	1	0	64083	11	7	11	7	11	7	11	7	1	60000	4	14068	0	1	0	Cayenne_jiban5_20.txt
Event	被囚禁之人	0	2	0	1	1	0	64084	11	7	11	7	11	7	11	7	1	60000	4	14068	0	1	0	Cayenne_jiban5_21.txt
Event	亡者之骨	0	2	0	1	1	0	64085	11	7	11	7	11	7	11	7	1	60000	4	260311	0	1	0	Cayenne_jiban5_22.txt
Event	崇拜炼金术的女孩	0	2	0	1	1	0	43100	165	96	165	96	165	96	165	96	1	60000	4	231119	0	1	0	Cayenne_jiban5_23.txt
