2	1	1652811340	0	11017	16	10	牛鬼的洞窟
3	278	1652811343	0	1538	15	18	城内的地下迷宫
8	280	1652811350	0	100	600	279	霞之洞窟
6	5	1652811345	0	666	73	2	海贼的洞窟
7	279	1652811347	0	1405	77	49	迷宫里的通道
10	281	1652807753	0	15543	11	7	水之迷宫
11	282	1652807754	0	15543	10	8	水之迷宫
12	283	1652807755	0	15543	15	25	水之迷宫
15	284	1652807756	0	11034	18	73	土之迷宫
14	285	1652807756	0	11034	26	49	土之迷宫
13	286	1652807757	0	11034	6	5	土之迷宫
0	16	1652807755	0	100	629	130	岛屿
102	15	1652807755	0	100	629	130	谜之迷宫
104	18	1652811359	0	100	544	36	奇怪的洞窟
105	19	1652811360	0	100	380	353	布满青苔的洞窟
107	287	1652811363	0	100	237	210	迷路之穴
108	21	1652811365	0	15579	25	15	白龙城
109	22	1652811368	0	15578	24	26	黑龙城
110	23	1652811370	0	15583	25	15	白龙城
111	24	1652811372	0	15584	24	26	黑龙城
112	25	1652811373	0	15595	25	4	炎之洞窟
113	26	1652811375	0	15596	10	74	炎之洞窟
114	27	1652811376	0	15596	85	38	炎之洞窟
200	28	1652811379	0	5004	61	56	传送石
201	29	1652811381	0	5004	59	26	传送石
202	30	1652825784	0	5004	38	22	传送石
203	31	1652825787	0	5004	19	26	传送石
204	32	1652840190	0	5004	16	56	传送石
300	33	1652811395	0	15517	8	38	阿鲁巴斯的洞窟
301	34	1652811397	0	16507	14	14	黑色的祈祷
302	35	1652811401	0	23003	42	21	罗连斯研究塔
303	36	1652818602	0	300	599	336	砂漠之祠
304	37	1652811405	0	3355	11	5	砂尘的洞窟
305	38	1652811407	0	15525	23	5	峡之洞窟
306	39	1652811411	0	15526	91	7	峡之洞窟
307	40	1652811412	0	15564	23	5	风之洞窟
309	42	1652807816	0	15568	58	45	迷路的龙之巢
400	43	1652811418	0	16510	25	7	贝兹雷姆的迷宫
401	44	1652811419	0	4402	16	13	科学家的牢房
402	45	1652811421	0	402	84	193	积雪的山路
403	46	1652807823	0	16521	10	13	蜥蜴之巢
404	47	1652811424	0	400	372	368	奇怪的坑道
409	51	1652811434	0	15552	18	39	询问之地
408	50	1652811433	0	15552	18	15	询问之地
410	52	1652811436	0	15557	16	18	询问之地
411	53	1652811437	0	15557	10	18	询问之地
412	54	1652811439	0	15558	16	18	询问之地
413	55	1652811441	0	15558	10	18	询问之地
414	56	1652811442	0	15548	16	18	询问之地
415	57	1652811444	0	15548	10	18	询问之地
416	58	1652811445	0	15550	16	18	询问之地
417	59	1652811447	0	15550	10	18	询问之地
418	60	1652811448	0	15549	16	18	询问之地
419	61	1652811449	0	15549	10	18	询问之地
420	62	1652811451	0	15559	16	18	询问之地
421	63	1652811452	0	15559	10	18	询问之地
422	64	1652811454	0	15553	16	18	询问之地
423	65	1652811456	0	15553	13	18	询问之地
424	66	1652811457	0	15553	10	18	询问之地
425	67	1652811458	0	15560	16	18	询问之地
426	68	1652811459	0	15560	10	18	询问之地
600	69	1652811460	0	36003	17	4	布朗山
601	70	1652811461	0	36001	58	21	布朗山
602	71	1652825862	0	37010	36	30	地下水脉
603	72	1652811464	0	36003	12	2	布朗山
604	73	1652806067	0	35000	13	34	地下遗迹
605	74	1652811468	0	34017	9	6	大树
700	75	1652811471	0	33223	23	16	无人的洞窟
701	76	1652811474	0	33224	23	16	无人的洞窟
702	77	1652811477	0	33225	23	16	无人的洞窟
703	78	1652811479	0	34004	9	4	时波之祠
704	79	1652811480	0	33000	290	436	深绿的山道
705	80	1652811480	0	47000	11	6	头目的～(略)
800	81	1652811481	0	47007	7	3	雷姆尔山
801	82	1652811482	0	47005	70	16	雷姆尔山
802	83	1652811483	0	47007	10	6	雷姆尔山
803	84	1652811484	0	47010	31	7	森之迷宫
804	85	1652811484	0	47011	29	11	森之迷宫
805	86	1652811485	0	47013	36	39	森之迷宫
806	87	1652811485	0	47014	11	35	森之迷宫
808	89	1652811489	0	43000	580	531	诅咒者之洞窟
901	288	1652811494	0	46030	5	4	秘密通道
900	289	1652811495	0	46030	16	7	秘密通道
902	290	1652811495	0	46030	10	8	秘密通道
903	291	1652811496	0	46030	27	8	秘密通道
904	292	1652811496	0	46030	10	4	秘密通道
905	293	1652811497	0	46030	25	5	秘密通道
906	97	1652811497	0	46045	15	8	魔导研究塔
907	98	1652807899	0	43981	40	39	麦尼洞窟
908	99	1652809700	0	46055	14	12	岛之洞窟
909	100	1652810001	0	46056	47	4	岛之洞窟
911	101	1652811503	0	59715	233	116	梦魔的迷宫
912	296	1652811511	0	59503	203	266	虫洞
923	105	1652811506	0	59716	166	141	四昏神的领域
922	295	1652811508	0	59714	122	69	海底墓场外苑
924	106	1652811507	0	59715	315	213	深草绿洞
925	107	1652811510	0	59715	123	104	怨灵洞窟
936	108	1652825911	0	59750	52	159	白之练兵场
937	109	1652825912	0	59750	52	162	白之练兵场
938	110	1652825914	0	59750	55	164	白之练兵场
943	115	1652840317	0	59750	241	338	机密实验场
940	112	1652840315	0	59750	130	77	机密实验场
941	113	1652840316	0	59750	162	109	机密实验场
942	114	1652840316	0	59750	208	305	机密实验场
947	117	1652807921	0	59752	208	306	蓝星的考验
949	119	1652825930	0	59752	140	77	秘密回廊
946	297	1652811533	0	59753	59	181	流沙骨洞
945	298	1652811533	0	59750	84	268	冒险庭园
950	122	1652807933	0	59933	100	95	黑迷宫
951	123	1652811538	0	59988	203	14	通往顶层的阶梯
3001	277	1652805245	0	32501	18	22	睿奇洞窟
3002	299	1652811546	0	32511	29	21	里欧波多洞窟
3003	126	1652811543	0	32505	9	27	利利可洞窟
3004	127	1652811543	0	30326	21	18	时间
3005	128	1652825944	0	30314	23	23	边境走廊
3006	129	1652825944	0	30319	23	23	边境走廊
3007	130	1652811546	0	30192	37	27	马斯的内心世界
3008	131	1652825951	0	32531	9	3	贝力斯遗迹
3009	132	1652807951	0	32629	54	7	宝箱洞窟
4006	133	1652811551	0	32378	69	92	迷宫地狱
4007	134	1652811552	0	32378	79	77	迷宫地狱
4014	141	1652811554	0	32378	9	85	迷宫地狱
4009	136	1652811552	0	32378	18	93	迷宫地狱
4010	137	1652811552	0	32378	43	92	迷宫地狱
4018	145	1652811555	0	32378	26	64	迷宫地狱
4012	139	1652811553	0	32378	25	83	迷宫地狱
4013	140	1652811553	0	32378	9	78	迷宫地狱
4015	142	1652811554	0	32378	20	77	迷宫地狱
4016	143	1652811554	0	32378	43	76	迷宫地狱
4017	144	1652811554	0	32378	31	77	迷宫地狱
4019	146	1652811555	0	32378	38	64	迷宫地狱
4020	147	1652811555	0	32378	56	71	迷宫地狱
4021	148	1652811556	0	32378	69	68	迷宫地狱
4022	149	1652811556	0	32378	71	73	迷宫地狱
4023	150	1652811556	0	32378	62	77	迷宫地狱
4031	158	1652811559	0	32378	15	49	迷宫地狱
4025	152	1652811557	0	32378	75	48	迷宫地狱
4026	153	1652811557	0	32378	86	49	迷宫地狱
4027	154	1652811558	0	32378	28	34	迷宫地狱
4028	155	1652811558	0	32378	33	46	迷宫地狱
4029	156	1652811558	0	32378	46	47	迷宫地狱
4030	157	1652811558	0	32378	15	50	迷宫地狱
4036	163	1652811561	0	32378	8	26	迷宫地狱
4033	160	1652811559	0	32378	8	36	迷宫地狱
4034	161	1652811560	0	32378	18	31	迷宫地狱
4035	162	1652811560	0	32378	20	24	迷宫地狱
4037	164	1652811561	0	32378	8	19	迷宫地狱
4038	165	1652811561	0	32378	20	10	迷宫地狱
4039	166	1652811561	0	32378	29	17	迷宫地狱
4040	167	1652811562	0	32378	39	40	迷宫地狱
4041	168	1652811562	0	32378	41	17	迷宫地狱
4042	169	1652811562	0	32378	30	8	迷宫地狱
4043	170	1652811563	0	32378	60	10	迷宫地狱
4044	171	1652811563	0	32378	49	19	迷宫地狱
4045	172	1652811563	0	32378	58	39	迷宫地狱
4046	173	1652811563	0	32378	65	18	迷宫地狱
4047	174	1652811564	0	32378	68	36	迷宫地狱
4048	175	1652811564	0	32378	87	8	迷宫地狱
4049	176	1652811565	0	32378	76	26	迷宫地狱
4050	177	1652811565	0	32378	83	20	迷宫地狱
4051	178	1652811565	0	32378	96	17	迷宫地狱
4052	179	1652811565	0	32378	100	12	迷宫地狱
4055	182	1652811569	0	32208	30	36	商城阁楼
4054	181	1652811566	0	32378	92	25	迷宫地狱
4056	183	1652811571	0	32201	71	313	冰之神殿
4057	184	1652811574	0	32202	13	10	火炎之谷
4058	185	1652811577	0	32200	9	7	砂之塔
4059	186	1652811581	0	30001	440	482	殷红的山谷
4060	187	1652811585	0	32217	67	28	彩叶原
4061	188	1652811591	0	32204	11	6	墓道
4062	189	1652818796	0	32243	16	7	魔族领域
4063	190	1652818805	0	32244	34	20	魔族通道
4064	191	1652811606	0	32088	7	3	书屋地下
4065	192	1652811608	0	32100	111	71	障碍赛迷宫
4069	195	1652826011	0	32092	11	3	杜瓦之塔
4070	196	1652826012	0	32091	11	3	艾汀之塔
4071	197	1652826013	0	32093	11	3	诺利之塔
4072	198	1652811614	0	31910	21	5	地下室
4073	199	1652811616	0	31914	16	12	水之廊
4074	200	1652826017	0	30001	429	156	雪之谷
4075	201	1652808018	0	32106	24	22	巴别塔
4076	202	1652811619	0	32106	28	17	巴别塔
4077	203	1652808020	0	32106	29	25	巴别塔
4078	204	1652811621	0	32107	15	15	巴别塔
4079	205	1652808022	0	32109	12	3	巴别塔
4080	206	1652808023	0	32110	29	21	巴别塔
4081	207	1652811624	0	32110	26	24	巴别塔
4082	208	1652808025	0	32110	34	18	巴别塔
4083	209	1652811626	0	32111	15	15	巴别塔
4084	210	1652811627	0	32112	32	21	巴别塔
4085	211	1652808028	0	32112	17	20	巴别塔
4086	212	1652818832	0	32105	7	3	巴别塔
4088	214	1652811637	0	32121	8	9	水精灵领域
4089	215	1652811640	0	32121	5	8	火精灵领域
4090	216	1652811642	0	32121	4	4	风精灵领域
4091	217	1652811644	0	32139	35	11	时之塔
4092	218	1652811645	0	32140	20	26	时之塔
4093	219	1652811646	0	32141	38	29	时之塔
4095	220	1652811648	0	32149	18	11	青莲之路
4094	221	1652811651	0	32149	44	29	红莲之路
4096	222	1652811652	0	32276	169	132	无名之森
4097	223	1652811654	0	32151	17	10	飞羽之塔
4098	224	1652811655	0	32184	8	5	鸢之塔
4099	225	1652811656	0	32187	8	7	菇之屋
4103	229	1652811660	0	31808	12	12	旭日山
4104	230	1652811661	0	31809	22	14	朝日山
4102	228	1652811658	0	31805	16	12	精灵之谷
32304	300	1652811665	0	32030	12	6	万缕相思结晶路
32305	232	1652811664	0	32045	24	13	冰封的酒窖迷宫
32306	301	1652811668	0	32059	15	11	沉封之窟
32311	303	1652811673	0	59717	140	71	贝勒森林　火之领域
32308	235	1652811670	0	32341	11	9	冰封之谷
32310	236	1652811670	0	59714	69	111	贝勒森林　外城
32307	304	1652811675	0	32066	98	76	绝望古井
32312	305	1652811675	0	59717	147	86	贝勒森林　水之领域
32313	306	1652811677	0	59717	183	21	贝勒森林　土之领域
4	243	1652811677	0	15511	1	8	暖炉之底
32315	308	1652811681	0	59717	262	320	贝勒森林　本城
1	242	1652811676	0	11012	7	23	龟裂的地下道
5	244	1652811679	0	15502	10	6	黑暗医生的洞窟
9	309	1652811683	0	15542	10	8	水之洞窟
103	246	1652811683	0	100	437	308	哥布林之家
308	247	1652811684	0	15566	10	8	风之洞窟
406	248	1652811687	0	15536	21	8	永久冻土
407	249	1652811691	0	15538	14	7	深渊
809	251	1652811695	0	43000	356	619	诅咒者之洞窟
913	252	1652815295	0	59503	73	165	羽音洞窟
939	253	1652826097	0	59750	59	164	白之练兵场
944	254	1652818898	0	59714	79	125	心伤者的避难所
948	255	1652808100	0	59752	241	339	红星的考验
4067	310	1652811706	0	32103	23	16	海贼宝窟
4011	257	1652811701	0	32378	62	84	迷宫地狱
4024	258	1652811701	0	32378	67	48	迷宫地狱
4032	259	1652811702	0	32378	15	48	迷宫地狱
4053	260	1652811702	0	32378	100	42	迷宫地狱
4068	311	1652811707	0	32102	23	14	海贼宝窟
4087	263	1652811706	0	32121	10	4	地精灵领域
4101	265	1652811709	0	31802	14	12	通路
32314	266	1652811710	0	59717	199	108	贝勒森林　本城
807	267	1652811712	0	43000	418	249	诅咒者之洞窟
4008	268	1652811713	0	32378	80	80	迷宫地狱
4100	269	1652811714	0	31994	17	17	通往湖心的洞窟
