#####黑与白的漩涡1-消亡之地#####
克劳姆	at:10;1;1|gu:1|es:1|wa:0;0;0;0;0;0;0;	330136	832071	155	155	1	1	24007	-1	-1	0	0																															1	1	330137	0	0
细胞分裂	at:10;1;1|gu:1|es:1|wa:0;0;0;0;0;0;0;	330137	832072	150	150	1	1	24008	-1	-1	0	0																															1	1	0	0	0
教团神官	at:10;1;1|gu:1|es:1|wa:0;0;0;0;0;0;0;	330138	832073	155	155	1	1	24009	-1	-1	0	0																															1	1	330139	0	0
教团守卫	at:10;1;1|gu:1|es:1|wa:0;0;0;0;0;0;0;	330139	832074	150	150	1	1	24010	-1	-1	0	0																															1	1	0	0	0
#####黑与白的漩涡2-抉择之刻(白)#####
地龙蜥	at:10;1;1|gu:1|es:1|wa:0;0;0;0;0;0;0;	330141	832075	54	54	1	10	24011	-1	-1	0	0	14938	18009	18030	18310	18311						1	16	4	1	1						17037	14412	14938	18310	18311	1	200	200	160	40	0	0	0	0	0
火龙蜥	at:10;1;1|gu:1|es:1|wa:0;0;0;0;0;0;0;	330142	832076	54	54	1	10	24012	-1	-1	0	0	14940	18056	18077	18312	18313						1	16	4	1	1						17039	14414	14940	18312	18313	1	200	200	160	40	0	0	0	0	0
蜥蜴斗士	at:10;1;1|gu:1|es:1|wa:0;0;0;0;0;0;0;	330143	832077	54	54	1	10	24013	-1	-1	0	0	14930	18035	18014	18311	18310						1	6	14	1	1						17029	14414	14930	18311	18310	1	200	200	60	140	0	0	0	0	0
蜥蜴武士	at:10;1;1|gu:1|es:1|wa:0;0;0;0;0;0;0;	330144	832078	54	54	1	10	24014	-1	-1	0	0	14931	18058	18059								1	7	7								17030	14415	14931	18312	18311	1	200	200	60	140	0	0	0	0	0
白龙使者	at:10;1;1|gu:1|es:1|wa:0;0;0;0;0;0;0;	330145	832079	80	80	1	1	24015	0	-1	0	0																															1	1	0	0	0
丘比特	at:10;1;1|gu:1|es:1|wa:0;0;0;0;0;0;0;	330146	832080	75	75	4	9	24016	0	-1	0	0																															0	0	0	0	0
#####黑与白的漩涡2-抉择之刻(黑)#####
地龙蜥	at:10;1;1|gu:1|es:1|wa:0;0;0;0;0;0;0;	330147	832081	54	54	1	10	24017	-1	-1	0	0	14938	18009	18030	18310	18311						1	16	4	1	1						17037	14412	14938	18310	18311	1	200	200	160	40	0	0	0	0	0
火龙蜥	at:10;1;1|gu:1|es:1|wa:0;0;0;0;0;0;0;	330148	832082	54	54	1	10	24018	-1	-1	0	0	14940	18056	18077	18312	18313						1	16	4	1	1						17039	14414	14940	18312	18313	1	200	200	160	40	0	0	0	0	0
蜥蜴斗士	at:10;1;1|gu:1|es:1|wa:0;0;0;0;0;0;0;	330149	832083	54	54	1	10	24019	-1	-1	0	0	14930	18035	18014	18311	18310						1	6	14	1	1						17029	14414	14930	18311	18310	1	200	200	60	140	0	0	0	0	0
蜥蜴武士	at:10;1;1|gu:1|es:1|wa:0;0;0;0;0;0;0;	330150	832084	54	54	1	10	24020	-1	-1	0	0	14931	18058	18059								1	7	7								17030	14415	14931	18312	18311	1	200	200	60	140	0	0	0	0	0
黑龙使者	at:10;1;1|gu:1|es:1|wa:0;0;0;0;0;0;0;	330151	832085	80	80	1	1	24021	0	-1	0	0																															1	1	0	0	0
小恶魔	at:10;1;1|gu:1|es:1|wa:0;0;0;0;0;0;0;	330152	832086	75	75	4	9	24022	0	-1	0	0																															0	0	0	0	0
#####黑与白的漩涡3-白之意志、黑之意志(白)#####
黑龙的使者	at:10;1;1|gu:1|es:1|wa:0;0;0;0;0;0;0;	330153	832087	99	99	1	1	24023	0	-1	0	0																															1	1	0	0	0
黑龙族	at:10;1;1|gu:1|es:1|wa:0;0;0;0;0;0;0;	330154	832088	90	90	2	4	24024	0	-1	0	0																															0	0	0	0	0
大地翼龙	at:10;1;1|gu:1|es:1|wa:0;0;0;0;0;0;0;	330155	832089	87	87	1	1	24025	-1	-1	0	0	3875										8																				0	0	0	0	0
火焰翼龙	at:10;1;1|gu:1|es:1|wa:0;0;0;0;0;0;0;	330156	832090	87	87	1	1	24026	-1	-1	0	0	3875										8																				0	0	0	0	0
寒冰翼龙	at:10;1;1|gu:1|es:1|wa:0;0;0;0;0;0;0;	330157	832091	87	87	1	1	24027	-1	-1	0	0	3875										8																				0	0	0	0	0
烈风翼龙	at:10;1;1|gu:1|es:1|wa:0;0;0;0;0;0;0;	330158	832092	87	87	1	1	24028	-1	-1	0	0	3875										8																				0	0	0	0	0
迷惘的龙	at:10;1;1|gu:1|es:1|wa:0;0;0;0;0;0;0;	330159	832093	75	75	1	1	24029	0	-1	0	0																															1	1	0	0	0
#####黑与白的漩涡3-白之意志、黑之意志(黑)#####
白龙的使者	at:10;1;1|gu:1|es:1|wa:0;0;0;0;0;0;0;	330160	832094	99	99	1	1	24030	0	-1	0	0																															1	1	0	0	0
白龙族	at:10;1;1|gu:1|es:1|wa:0;0;0;0;0;0;0;	330161	832095	90	90	2	4	24031	0	-1	0	0																															0	0	0	0	0
大地翼龙	at:10;1;1|gu:1|es:1|wa:0;0;0;0;0;0;0;	330162	832096	87	87	1	1	24032	-1	-1	0	0																															0	0	0	0	0
火焰翼龙	at:10;1;1|gu:1|es:1|wa:0;0;0;0;0;0;0;	330163	832097	87	87	1	1	24033	-1	-1	0	0																															0	0	0	0	0
寒冰翼龙	at:10;1;1|gu:1|es:1|wa:0;0;0;0;0;0;0;	330164	832098	87	87	1	1	24034	-1	-1	0	0																															0	0	0	0	0
烈风翼龙	at:10;1;1|gu:1|es:1|wa:0;0;0;0;0;0;0;	330165	832099	87	87	1	1	24035	-1	-1	0	0																															0	0	0	0	0
???	at:10;1;1|gu:1|es:1|wa:0;0;0;0;0;0;0;	330166	832100	89	89	1	1	24036	0	-1	0	0																															1	1	0	0	0
???	at:10;1;1|gu:1|es:1|wa:0;0;0;0;0;0;0;	330167	832101	89	89	1	1	24037	0	-1	0	0																															1	1	0	0	0
???	at:10;1;1|gu:1|es:1|wa:0;0;0;0;0;0;0;	330168	832102	89	89	1	1	24038	0	-1	0	0																															1	1	0	0	0
???	at:10;1;1|gu:1|es:1|wa:0;0;0;0;0;0;0;	330169	832103	89	89	1	1	24039	0	-1	0	0																															1	1	0	0	0
大地翼龙	at:10;1;1|gu:1|es:1|wa:0;0;0;0;0;0;0;	330170	832104	87	87	1	1	24040	0	-1	0	0																															0	0	0	0	0
火焰翼龙	at:10;1;1|gu:1|es:1|wa:0;0;0;0;0;0;0;	330171	832105	87	87	1	1	24040	0	-1	0	0																															0	0	0	0	0
寒冰翼龙	at:10;1;1|gu:1|es:1|wa:0;0;0;0;0;0;0;	330172	832106	87	87	1	1	24040	0	-1	0	0																															0	0	0	0	0
烈风翼龙	at:10;1;1|gu:1|es:1|wa:0;0;0;0;0;0;0;	330173	832107	87	87	1	1	24040	0	-1	0	0																															0	0	0	0	0
迷惘的龙	at:10;1;1|gu:1|es:1|wa:0;0;0;0;0;0;0;	330174	832108	75	75	1	1	24041	0	-1	0	0																															1	1	0	0	0
#####黑与白的漩涡4-闪耀者、引导者(白)#####
恶魔蝙蝠	at:10;1;1|gu:1|es:1|wa:0;0;0;0;0;0;0;	330175	832109	90	90	1	10	24042	-1	-1	0	0	14850	18015	18036	18311	18312						1	16	4	1	1						16949	14460	14850	18311	18312	1	200	200	160	40	0	0	0	0	0
黑龙族	at:10;1;1|gu:1|es:1|wa:0;0;0;0;0;0;0;	330176	832110	100	100	4	10	24043	0	-1	0	0																															1	1	0	0	0
黑龙之长	at:10;1;1|gu:1|es:1|wa:0;0;0;0;0;0;0;	330177	832111	108	108	1	1	24044	0	-1	0	0																															1	1	0	0	0
白龙之长	at:10;1;1|gu:1|es:1|wa:0;0;0;0;0;0;0;	330178	832112	108	108	1	1	24045	0	-1	0	0	3885										100																				1	1	0	0	0
#####黑与白的漩涡4-闪耀者、引导者(黑)#####
天使蝙蝠	at:10;1;1|gu:1|es:1|wa:0;0;0;0;0;0;0;	330179	832113	90	90	1	10	24046	-1	-1	0	0	14851	18015	18036	18313	18310						1	4	16	1	1						16950	14460	14851	18313	18310	1	200	200	40	160	0	0	0	0	0
白龙族	at:10;1;1|gu:1|es:1|wa:0;0;0;0;0;0;0;	330180	832114	100	100	4	10	24047	0	-1	0	0																															1	1	0	0	0
白龙之长	at:10;1;1|gu:1|es:1|wa:0;0;0;0;0;0;0;	330181	832115	108	108	1	1	24048	0	-1	0	0																															1	1	0	0	0
黑龙之长	at:10;1;1|gu:1|es:1|wa:0;0;0;0;0;0;0;	330182	832116	108	108	1	1	24049	0	-1	0	0	3888										100																				1	1	0	0	0
