#####七宗罪一邪灵鸟人#####
邪灵鸟人	832018	100	5	9	200	70	0	45	200	300	6	0	5	5	0	0	60	40	0	0	0	0	0	0	2	1	5	5	0	101834	100	0			0	7300	7400	530							
堕落僧侣梅鲁	832019	100	5	9	350	50	0	0	250	300	6	0	5	5	40	40	40	40	0	0	0	0	0	0	2	1	5	5	0	101532	100	0			0	7300	7400	530							
#####七宗罪二贪婪之心#####
守护者	832020	100	5	9	200	50	0	20	180	300	6	0	5	5	70	30	30	30	0	0	0	0	0	0	2	1	5	5		101513	100	0			0	7300	7400	530							
葛罗姆	832021	100	5	9	280	50	0	10	200	300	6	0	5	5	70	30	30	30	0	0	0	0	0	0	2	1	5	5		100339	100	0			0	7300	7400	530							
顽皮炸弹	832022	100	5	9	150	30	0	20	150	300	6	0	5	5	70	30	30	30	0	0	0	0	0	0	2	1	5	5		101520	100	0			0	7300	7400	530							
人类?	832023	100	5	9	90	80	10	25	15	300	6	0	5	5	40	0	0	60	0	0	0	0	0	0	0	3	5	5	9	100428	100	0			0	7300	7400								
#####七宗罪三色欲的诱惑#####
守护者	832024	100	5	9	200	50	10	25	175	300	6	50	0	0	0	0	0	100	0	0	0	0	0	0	2	4	0	0	9	101511	100	0			0	7300	7400								
希尔芙	832025	100	5	9	380	30	0	10	240	300	6	50	0	0	40	40	40	40	0	0	0	0	0	0	2	4	0	0	9	100270	100	0			0	7300	7400								
漂浮炸弹	832026	100	5	9	210	30	0	10	170	50	1	40	0	0	0	0	0	100	0	0	0	0	0	0	0	4	0	0	10	101523	100	0			0	7300	2230								
守护者	832027	100	5	9	150	30	0	20	150	300	6	50	0	0	0	0	0	100	0	0	0	0	0	0	2	4	0	0	9	101511	100	0			0	7300	7400								
拉斯特	832028	100	5	9	220	30	0	20	170	300	6	50	0	0	40	40	40	40	0	0	0	0	0	0	2	4	0	0	9	106677	100	0			0	7300	7400								
格拉托尼	832029	100	5	9	220	60	0	20	120	300	6	50	0	0	40	40	40	40	0	0	0	0	0	0	2	4	0	0	9	100552	100	0			0	7300	7400								
#####七宗罪四消失的古都#####
被灼伤的蜥蜴	832050	100	5	9	220	60	0	20	200	150	3	20	0	0	20	20	80	20	0	0	0	0	0	0	0	2	0	0	8	101702	100	0			0	7300	7400								
守护者	832051	100	5	9	230	50	0	20	200	300	6	50	0	0	30	30	100	30	0	0	0	0	0	0	2	4	0	0	9	101510	100	0			0	7300	7400								
沙罗曼	832052	100	5	9	330	40	0	10	210	300	6	50	0	0	50	50	50	50	0	0	0	0	0	0	2	4	0	0	9	100252	100	0			0	7300	7400								
火龙蜥	832053	100	5	9	210	40	0	10	300	150	3	20	0	0	50	50	50	50	0	0	0	0	0	0	0	2	0	0	8	101722	100	0			0	7300	7400								
#####七宗罪五隐藏的真相#####
守护者	832054	100	5	9	180	30	0	20	170	300	6	50	0	0	30	100	30	30	0	0	0	0	0	0	2	4	0	0	9	101512	100	0			0	7300	7400								
斯洛斯	832055	100	5	9	350	45	0	10	205	150	3	20	5	5	50	50	50	50	0	0	0	0	0	0	0	2	5	5	8	100628	100	0			0	7300	7400								
斯洛斯	832056	100	5	9	350	45	0	10	205	150	3	20	5	5	50	50	50	50	0	0	0	0	0	0	0	2	5	5	8	100628	100	0			0	7300	7400								
拉斯	832057	100	5	9	300	45	0	10	205	150	3	20	5	5	50	50	50	50	0	0	0	0	0	0	0	2	5	5	8	100528	100	0			0	7300	7400								
#####七宗罪六传说中的勇者#####
格拉托尼	832058	100	5	9	220	50	0	10	200	150	3	20	5	5	40	40	40	40	0	0	0	0	0	0	0	2	5	5	8	100552	100	0			0	7300	7400								
拉斯特	832059	100	5	9	220	50	0	10	200	150	3	20	0	0	40	40	40	40	0	0	0	0	0	0	0	2	0	0	8	106677	100	0			0	7300	7400								
拉斯	832060	100	5	9	280	50	0	10	200	150	3	20	0	0	50	50	50	50	0	0	0	0	0	0	0	2	0	0	8	100528	100	0			0	7300	7400								
斯洛斯	832061	100	5	9	350	45	0	10	200	150	3	20	0	0	50	50	50	50	0	0	0	0	0	0	0	2	0	0	8	100628	100	0			0	7300	7400								
格拉托尼	832062	100	5	9	220	50	0	10	200	150	3	20	0	0	40	40	40	40	0	0	0	0	0	0	0	2	0	0	8	100552	100	0			0	7300	7400								
拉斯特	832063	100	5	9	220	50	0	10	200	150	3	20	0	0	40	40	40	40	0	0	0	0	0	0	0	2	0	0	8	106677	100	0			0	7300	7400								
拉斯	832064	100	5	9	280	50	0	10	200	150	3	20	0	0	50	50	50	50	0	0	0	0	0	0	0	2	0	0	8	100528	100	0			0	7300	7400								
斯洛斯	832065	100	5	9	350	45	0	10	200	150	3	20	0	0	50	50	50	50	0	0	0	0	0	0	0	2	0	0	8	100628	100	0			0	7300	7400								
#####七宗罪终原罪#####
堕落僧侣梅鲁	832066	100	5	9	320	45	0	10	230	150	3	20	0	0	40	40	40	40	0	0	0	0	0	0	0	2	0	0	8	101532	100	0			0	7300	7400								
格拉托尼	832067	100	5	9	100	70	0	10	100	150	3	20	0	0	50	50	50	50	0	0	0	0	0	0	0	2	0	0	8	100552	100	0			0	7300	7400								
拉斯特	832068	100	5	9	100	50	0	10	140	150	3	20	0	0	50	50	50	50	0	0	0	0	0	0	0	2	0	0	8	106677	100	0			0	7300	7400								
拉斯	832069	100	5	9	130	70	0	10	100	150	3	20	0	0	50	50	50	50	0	0	0	0	0	0	0	2	0	0	8	100528	100	0			0	7300	7400								
斯洛斯	832070	100	5	9	170	65	0	10	105	150	3	20	0	0	50	50	50	50	0	0	0	0	0	0	0	2	0	0	8	100628	100	0			0	7300	7400								
格利德	832071	100	5	9	100	70	0	10	100	150	3	20	0	0	40	40	40	40	0	0	0	0	0	0	0	2	0	0	8	100577	100	0			0	7300	7400								
堕落僧侣梅鲁	832072	100	5	9	400	45	0	10	100	150	3	20	0	0	50	50	50	50	0	0	0	0	0	0	0	2	0	0	8	106502	100	0			0	7300	7400								
改造僵尸	832073	20	5	2	40	35	15	15	15	100	2	30	0	0	30	0	0	70	0	0	0	0	0	0	0	3	0	0	9	101100	100	0			0	7300	7400								
芙蕾雅番茄妖精	832074	20	5	7	26	16	31	26	56	150	3	20	0	5	0	30	70	0	0	0	0	0	0	0	0	2	0	0	10	120055	100	0			0	7300	7400								
