#####七宗罪一邪灵鸟人#####
邪灵鸟人	at:10;1;1|gu:1|es:1|wa:0;0;0;0;0;0;0;	800044	832018	50	50	1	1	616016	-1	-1	0	0																															1	1	0	0	0
堕落僧侣梅鲁	at:10;1;1|gu:1|es:1|wa:0;0;0;0;0;0;0;	800045	832019	55	55	1	1	616017	-1	-1	0	0																															1	1	0	0	0
大地翼龙	at:10;1;1|gu:1|es:1|wa:0;0;0;0;0;0;0;	800046	711	40	40	1	4	8025	-1	-1	0	0																															0	0	0	0	0
大炸弹	at:10;1;1|gu:1|es:1|wa:0;0;0;0;0;0;0;	800047	523	40	40	1	4	306840	-1	-1	0	0																															0	0			0
#####七宗罪二贪婪之心#####
死灵	at:10;1;1|gu:1|es:1|wa:0;0;0;0;0;0;0;	800048	124	48	51	1	4	616018	-1	-1	0	0																															0	0	0	0	0
小恶魔	at:10;1;1|gu:1|es:1|wa:0;0;0;0;0;0;0;	800049	1074	48	51	1	4	616019	-1	-1	0	0																															0	0	0	0	0
顽皮炸弹	at:10;1;1|gu:1|es:1|wa:0;0;0;0;0;0;0;	800050	521	48	51	1	4	616018	-1	-1	0	0																															0	0	0	0	0
螳螂	at:10;1;1|gu:1|es:1|wa:0;0;0;0;0;0;0;	800051	321	48	51	1	4	616019	-1	-1	0	0																															0	0	0	0	0
大地鼠	at:10;1;1|gu:1|es:1|wa:0;0;0;0;0;0;0;	800052	21	48	51	1	4	616024	-1	-1	0	0																															0	0	0	0	0
守护者	at:10;1;1|gu:1|es:1|wa:0;0;0;0;0;0;0;	800053	832020	60	60	1	1	616020	0	-1	0	0																															1	1	0	0	0
顽皮炸弹	at:10;1;1|gu:1|es:1|wa:0;0;0;0;0;0;0;	800054	832022	60	60	1	1	616023	0	-1	0	0																															1	1	0	0	0
葛罗姆	at:10;1;1|gu:1|es:1|wa:0;0;0;0;0;0;0;	800055	832021	65	65	1	1	616022	0	-1	0	0																															1	1	0	0	0
守护者	at:10;1;1|gu:1|es:1|wa:0;0;0;0;0;0;0;	800056	832020	60	60	3	3	616021	0	-1	0	0																															1	1	0	0	0
顽皮炸弹	at:10;1;1|gu:1|es:1|wa:0;0;0;0;0;0;0;	800057	832022	60	60	1	1	616023	0	-1	0	0																															1	1	0	0	0
顽皮炸弹	at:10;1;1|gu:1|es:1|wa:0;0;0;0;0;0;0;	800058	832022	60	60	1	1	616023	0	-1	0	0																															1	1	0	0	0
人类?	at:10;1;1|gu:1|es:1|wa:0;0;0;0;0;0;0;	800059	832023	35	35	1	1	9021	0	-1	0	0	800179										100																				1	1	0	0	0
#####七宗罪三色欲的诱惑#####
赤目螳螂	at:10;1;1|gu:1|es:1|wa:0;0;0;0;0;0;0;	800060	323	48	51	1	10	23012	-1	-1	0	0	14868	18058	18079	18312	18313						1	6	10	1	1						16967	14868	14436	18312	18313	1	200	200	80	120	0	0	0	0	0
虎人	at:10;1;1|gu:1|es:1|wa:0;0;0;0;0;0;0;	800061	1	48	51	1	10	19017	-1	-1	0	0	14801	18017	18080	18313	18310						1	4	12	1	1						16900	14426	14801	18310	18313	1	200	200	60	140	0	0	0	0	0
漂浮炸弹	at:10;1;1|gu:1|es:1|wa:0;0;0;0;0;0;0;	800062	524	48	51	1	10	14006	-1	-1	0	0	14905	18070	18007	18310	18313						1	36	12	1	1						17004	14441	14905	18313	18310	1	200	200	40	160	0	0	0	0	0
宝石鼠	at:10;1;1|gu:1|es:1|wa:0;0;0;0;0;0;0;	800063	24	48	51	1	10	5027	-1	-1	0	0	14815	18072	18313	0							1	5	2								16914	14422	14815	18313		1	200	200	200		0	0	0	0	0
泰坦巨人	at:10;1;1|gu:1|es:1|wa:0;0;0;0;0;0;0;	800064	813	48	51	1	10	23021	-1	-1	0	0	14948	18070	18313								1	10	2								17047	14401	14948	18313	18313	1	200	200	40	160	0	0	0	0	0
守护者	at:10;1;1|gu:1|es:1|wa:0;0;0;0;0;0;0;	800065	832024	60	60	2	2	616025	0	-1	0	0																															1	1	0	0	0
希尔芙	at:10;1;1|gu:1|es:1|wa:0;0;0;0;0;0;0;	800066	832025	65	65	1	1	616026	0	-1	0	0																															1	1	0	0	0
漂浮炸弹	at:10;1;1|gu:1|es:1|wa:0;0;0;0;0;0;0;	800067	832026	60	60	3	3	616027	0	-1	0	0																															1	1	0	0	0
守护者	at:10;1;1|gu:1|es:1|wa:0;0;0;0;0;0;0;	800068	832027	60	60	3	3	616028	0	-1	0	0																															1	1	0	0	0
拉斯特	at:10;1;1|gu:1|es:1|wa:0;0;0;0;0;0;0;	800069	832028	65	65	1	1	616029	0	-1	0	0																															1	1	0	0	365
格拉托尼	at:10;1;1|gu:1|es:1|wa:0;0;0;0;0;0;0;	800070	832029	65	65	1	1	616030	0	-1	0	0																															1	1	0	0	0
#####七宗罪四消失的古都#####
杀手蝎	at:10;1;1|gu:1|es:1|wa:0;0;0;0;0;0;0;	800071	304	1	1	1	10	39172	-1	-1	0	0	14860	18005	18026	18310	18311						1	18	2	1	1						16959	14430	14860	18310	18311	1	200	200	180	20	0	0	0	0	0
武术仙人掌	at:10;1;1|gu:1|es:1|wa:0;0;0;0;0;0;0;	800072	432	1	1	1	10	39173	-1	-1	0	0	14890	18005	18026	18310	18311						1	10	10	1	1						16989	14480	14890	18310	18311	1	200	200	100	100	0	0	0	0	0
被灼伤的蜥蜴	at:10;1;1|gu:1|es:1|wa:0;0;0;0;0;0;0;	800073	832050	60	60	1	1	39174	0	-1	0	0																															1	1	0	0	0
蜥蜴武士	at:10;1;1|gu:1|es:1|wa:0;0;0;0;0;0;0;	800074	703	50	52	1	10	39175	-1	-1	0	0	14931	18047	18026	18312	18311						1	6	14	1	1						17030	14410	14931	18312	18311	1	200	200	60	140	0	0	0	0	0
火焰鼠	at:10;1;1|gu:1|es:1|wa:0;0;0;0;0;0;0;	800075	23	50	52	1	10	39175	-1	-1	0	0	14814	18047	18312								1	20	2								16913	14420	14814	18312		1	200	200	200		0	0	0	0	0
红蝎	at:10;1;1|gu:1|es:1|wa:0;0;0;0;0;0;0;	800076	302	50	52	1	10	39175	-1	-1	0	0	14858	18047	18068	18312	18313						1	18	2	1	1						16957	14430	14858	18312	18313	1	200	200	180	20	0	0	0	0	0
火龙蜥	at:10;1;1|gu:1|es:1|wa:0;0;0;0;0;0;0;	800077	723	50	52	1	10	39175	-1	-1	0	0	14940	18047	18068	18312	18313						1	16	4	1	1						17039	14410	14940	18312	18313	1	200	200	160	40	0	0	0	0	0
杀人螳螂	at:10;1;1|gu:1|es:1|wa:0;0;0;0;0;0;0;	800078	322	50	52	1	10	39175	-1	-1	0	0	14867	18047	18026	18312	18311						1	8	12	1	1						16966	14430	14867	18312	18311	1	200	200	80	120	0	0	0	0	0
守护者	at:10;1;1|gu:1|es:1|wa:0;0;0;0;0;0;0;	800079	832051	60	60	2	2	39176	0	-1	0	0																															1	1	0	0	0
沙罗曼	at:10;1;1|gu:1|es:1|wa:0;0;0;0;0;0;0;	800080	832052	65	65	1	1	39177	0	-1	0	0																															1	1	0	0	0
火龙蜥	at:10;1;1|gu:1|es:1|wa:0;0;0;0;0;0;0;	800081	832053	65	65	1	1	39178	0	-1	0	0																															1	1	0	0	0
#####七宗罪五隐藏的真相#####
地狱妖犬	at:10;1;1|gu:1|es:1|wa:0;0;0;0;0;0;0;	800082	34	100	100	1	10	16006	-1	-1	0	0	14821	18013	18076	18310	18313	18568					1	12	18	1	1	1					16920	14424	14821	18310	18313	1	200	200	80	120	0	0	0	0	0
丧尸	at:10;1;1|gu:1|es:1|wa:0;0;0;0;0;0;0;	800083	102	100	100	1	10	16007	-1	-1	0	0	14823	18034	18055	18311	18312	18568					1	18	12	1	1	1					16922	14474	14823	18311	18312	1	200	200	120	80	0	0	0	0	0
守护者	at:10;1;1|gu:1|es:1|wa:0;0;0;0;0;0;0;	800084	832054	60	60	1	1	39179	0	-1	0	0																															1	1	0	0	0
大蝙蝠	at:10;1;1|gu:1|es:1|wa:0;0;0;0;0;0;0;	800085	251	1	1	1	10	5001	-1	-1	0	0	14852	18005	18026	18310	18311						5	28	12	1	1						16951	14460	14852	18310	18311	1	200	200	140	60	0	0	0	0	0
迷你蝙蝠	at:10;1;1|gu:1|es:1|wa:0;0;0;0;0;0;0;	800086	243	1	1	1	10	5022	-1	-1	0	0	14848	18048	18069	18312	18313						1	12	8	1	1						16947	14460	14848	18312	18313	1	200	200	120	80	0	0	0	0	0
漂浮炸弹	at:10;1;1|gu:1|es:1|wa:0;0;0;0;0;0;0;	800087	524	1	1	1	10	5024	-1	-1	0	0	14905	18069	18006	18313	18310						1	4	16	1	1						17004	14440	14905	18313	18310	1	200	200	40	160	0	0	0	0	0
杀龙之刃	at:10;1;1|gu:1|es:1|wa:0;0;0;0;0;0;0;	800088	602	61	65	1	10	6021	-1	-1	0	0	14912	18038	18059	18311	18312						1	18	2	1	1						17011	14456	14912	18311	18312	1	200	200	180	20	0	0	0	0	0
斯洛斯	at:10;1;1|gu:1|es:1|wa:0;0;0;0;0;0;0;	800089	832055	65	65	1	1	39180	0	-1	0	0																															1	1	0	0	366
斯洛斯	at:10;1;1|gu:1|es:1|wa:0;0;0;0;0;0;0;	800090	832056	65	65	1	1	39181	0	-1	0	0																															1	1	0	0	367
拉斯	at:10;1;1|gu:1|es:1|wa:0;0;0;0;0;0;0;	800091	832057	65	65	1	1	39182	0	-1	0	0																															1	1	0	0	368
#####七宗罪六传说中的勇者#####
腐尸	at:10;1;1|gu:1|es:1|wa:0;0;0;0;0;0;0;	800092	104	1	1	1	10	8075	-1	-1	0	0	14825	18011	18032	18310	18311						1	12	8	1	1						16924	14472	14825	18310	18311	1	200	200	120	80	0	0	0	0	0
水蜘蛛	at:10;1;1|gu:1|es:1|wa:0;0;0;0;0;0;0;	800093	332	1	1	1	10	7005	-1	-1	0	0	14872	18030	18311	18443							1	5	2	10							16971	14432	14872	18311		1	200	200	200		0	0	0	0	0
格拉托尼	at:10;1;1|gu:1|es:1|wa:0;0;0;0;0;0;0;	800094	832058	65	65	1	1	39183	0	-1	0	0																															1	1	0	0	0
拉斯特	at:10;1;1|gu:1|es:1|wa:0;0;0;0;0;0;0;	800095	832059	65	65	1	1	39184	0	-1	0	0																															1	1	0	0	0
拉斯	at:10;1;1|gu:1|es:1|wa:0;0;0;0;0;0;0;	800096	832060	65	65	1	1	39185	0	-1	0	0																															1	1	0	0	0
斯洛斯	at:10;1;1|gu:1|es:1|wa:0;0;0;0;0;0;0;	800097	832061	65	65	1	1	39186	0	-1	0	0																															1	1	0	0	0
格拉托尼	at:10;1;1|gu:1|es:1|wa:0;0;0;0;0;0;0;	800098	832062	65	65	1	1	39183	0	-1	0	0																															1	1	0	0	0
拉斯特	at:10;1;1|gu:1|es:1|wa:0;0;0;0;0;0;0;	800099	832063	65	65	1	1	39184	0	-1	0	0																															1	1	0	0	0
拉斯	at:10;1;1|gu:1|es:1|wa:0;0;0;0;0;0;0;	800100	832064	65	65	1	1	39185	0	-1	0	0																															1	1	0	0	0
斯洛斯	at:10;1;1|gu:1|es:1|wa:0;0;0;0;0;0;0;	800101	832065	65	65	1	1	39186	0	-1	0	0																															1	1	0	0	0
#####七宗罪终原罪#####
幽灵	at:10;1;1|gu:1|es:1|wa:0;0;0;0;0;0;0;	800102	121	60	60	1	10	8039	-1	-1	0	0	14832	18036	18015	18311	18310						1	4	16	1	1						16931	14475	14832	18311	18310	1	200	200	40	160	0	0	0	0	0
鬼灵	at:10;1;1|gu:1|es:1|wa:0;0;0;0;0;0;0;	800103	122	60	60	1	10	7027	-1	-1	0	0	14833	18055	18076	18312	18313						1	16	4	1	1						16932	14474	14833	18312	18313	1	200	200	160	40	0	0	0	0	0
丧尸	at:10;1;1|gu:1|es:1|wa:0;0;0;0;0;0;0;	800104	102	60	60	1	10	16007	-1	-1	0	0	14823	18034	18055	18311	18312	18568	800121				1	18	12	1	1	1	15				16922	14474	14823	18311	18312	1	200	200	120	80	0	0	0	0	0
僵尸	at:10;1;1|gu:1|es:1|wa:0;0;0;0;0;0;0;	800105	101	60	60	1	10	8072	-1	-1	0	0	14822	18074	18011	18313	18310						1	8	12	1	1						16921	14472	14822	18313	18310	1	200	200	80	120	0	0	0	0	0
堕落僧侣梅鲁	at:10;1;1|gu:1|es:1|wa:0;0;0;0;0;0;0;	800106	832066	55	55	1	1	39187	0	-1	0	0																															1	1	0	0	369
格拉托尼	at:10;1;1|gu:1|es:1|wa:0;0;0;0;0;0;0;	800107	832067	65	65	1	1	39188	0	-1	0	0																															1	1	0	0	0
拉斯特	at:10;1;1|gu:1|es:1|wa:0;0;0;0;0;0;0;	800108	832068	65	65	1	1	39189	0	-1	0	0																															1	1	0	0	0
拉斯	at:10;1;1|gu:1|es:1|wa:0;0;0;0;0;0;0;	800109	832069	65	65	1	1	39190	0	-1	0	0																															1	1	0	0	0
斯洛斯	at:10;1;1|gu:1|es:1|wa:0;0;0;0;0;0;0;	800110	832070	65	65	1	1	39191	0	-1	0	0																															1	1	0	0	0
格利德	at:10;1;1|gu:1|es:1|wa:0;0;0;0;0;0;0;	800111	832071	65	65	1	1	39192	0	-1	0	0																															1	1	0	0	370
堕落僧侣梅鲁	at:10;1;1|gu:1|es:1|wa:0;0;0;0;0;0;0;	800112	832072	70	70	1	1	39193	0	-1	0	0																															1	1	800113		371
改造僵尸	at:10;1;1|gu:1|es:1|wa:0;0;0;0;0;0;0;	800113	832073	70	70	1	1	39194	0	-1	0	0																															1	1	0	0	0
芙蕾雅番茄妖精	at:10;1;1|gu:1|es:1|wa:0;0;0;0;0;0;0;	800114	832074	1	1	1	1	1	-1	-1	0	0																															0	0	0	0	0
