####洗礼一路见不平####
巢穴粘稠怪	at:10;1;1|gu:1|es:1|wa:0;0;0;0;0;0;0;	800115	80149	1	1	1	10	7023	0	-1	0	0																															0	0	0	0	
巢穴飞虫	at:10;1;1|gu:1|es:1|wa:0;0;0;0;0;0;0;	800116	80150	1	1	1	10	17027	0	-1	0	0																															0	0	0	0	
巢穴行尸	at:10;1;1|gu:1|es:1|wa:0;0;0;0;0;0;0;	800117	80151	1	1	1	10	16007	0	-1	0	0																															0	0	0	0	
巢穴卫兵	at:10;1;1|gu:1|es:1|wa:0;0;0;0;0;0;0;	800118	80152	1	1	1	10	8001	0	-1	0	0																															0	0	0	0	
巢穴捕捉者	at:10;1;1|gu:1|es:1|wa:0;0;0;0;0;0;0;	800119	80153	1	1	1	10	7005	0	-1	0	0																															0	0	0	0	
巢穴石像怪	at:10;1;1|gu:1|es:1|wa:0;0;0;0;0;0;0;	800120	80154	1	1	1	10	2023	0	-1	0	0																															0	0	0	0	
巢穴武装守卫	at:10;1;1|gu:1|es:1|wa:0;0;0;0;0;0;0;	800121	80155	50	50	1	1	39195	0	-1	0	0																															1	1	0	0	500
巢穴卫兵	at:10;1;1|gu:1|es:1|wa:0;0;0;0;0;0;0;	800122	80156	45	45	2	2	39196	0	-1	0	0																															0	0	0	0	
巢穴捕捉者	at:10;1;1|gu:1|es:1|wa:0;0;0;0;0;0;0;	800123	80157	45	45	2	2	39197	0	-1	0	0																															0	0	0	0	
麦卡恩	at:10;1;1|gu:1|es:1|wa:0;0;0;0;0;0;0;	800124	80158	55	55	1	1	39198	0	-1	0	0																															1	1	0	0	501
巢穴武装守卫	at:10;1;1|gu:1|es:1|wa:0;0;0;0;0;0;0;	800125	80159	50	50	2	2	39199	0	-1	0	0																															0	0	0	0	
巢穴卫兵	at:10;1;1|gu:1|es:1|wa:0;0;0;0;0;0;0;	800126	80160	50	50	2	2	39200	0	-1	0	0																															0	0	0	0	
#####洗礼二传承使者#####
巨狼	at:10;1;1|gu:1|es:1|wa:0;0;0;0;0;0;0;	800127	80161	1	1	1	10	7025	-1	-1	0	0	14819	18013	18034	18310	18311						1	12	8	1	1						16918	14424	14819	18310	18311	1	200	200	120	80	0	0	0	0	0
恶魔	at:10;1;1|gu:1|es:1|wa:0;0;0;0;0;0;0;	800128	80162	1	1	1	10	6007	-1	-1	0	0	14845	18080	18059	18313	18312						1	2	18	1	1						16944	14466	14845	18313	18312	1	200	200	20	180	0	0	0	0	0
水晶螃蟹	at:10;1;1|gu:1|es:1|wa:0;0;0;0;0;0;0;	800129	80163	1	1	1	10	4018	-1	-1	0	0	14926	18031	18052	18311	18312						1	16	4	1	1						17025	14452	14926	18311	18312	1	200	200	160	40	0	0	0	0	0
液态史莱姆	at:10;1;1|gu:1|es:1|wa:0;0;0;0;0;0;0;	800130	80164	1	1	1	10	9004	-1	-1	0	0	14895	18005	18026	18310	18311						1	4	36	1	1						16994	14440	14895	18311	18310	1	200	200	20	180	0	0	0	0	0
水龙蜥	at:10;1;1|gu:1|es:1|wa:0;0;0;0;0;0;0;	800131	80165	1	1	1	10	5015	-1	-1	0	0	14939	18029	18050	18311	18312						1	16	4	1	1						17038	14411	14939	18311	18312	1	200	200	160	40	0	0	0	0	0
冰冷树精	at:10;1;1|gu:1|es:1|wa:0;0;0;0;0;0;0;	800132	80166	1	1	1	10	1016	-1	-1	0	0	14879	18028	18049	18311	18312						5	14	6	1	1						16978	14481	14879	18311	18312	1	200	200	140	60	0	0	0	0	0
火龙蜥	at:10;1;1|gu:1|es:1|wa:0;0;0;0;0;0;0;	800133	80167	1	1	1	10	3027	-1	-1	0	0	14940	18056	18077	18312	18313						1	16	4	1	1						17039	14414	14940	18312	18313	1	200	200	160	40	0	0	0	0	0
木乃伊	at:10;1;1|gu:1|es:1|wa:0;0;0;0;0;0;0;	800134	80168	1	1	1	10	8076	-1	-1	0	0	14826	18060	18081	18312	18313						1	8	8	1	1						16925	14826	14476	18312	18313	1	200	200	100	100	0	0	0	0	0
万年河童	at:10;1;1|gu:1|es:1|wa:0;0;0;0;0;0;0;	800135	80169	70	70	1	1	39201	0	-1	0	0																															1	1	0	0	0
腐尸	at:10;1;1|gu:1|es:1|wa:0;0;0;0;0;0;0;	800136	80170	55	55	2	2	39202	0	-1	0	0																															0	0	0	0	0
铁剪螃蟹	at:10;1;1|gu:1|es:1|wa:0;0;0;0;0;0;0;	800137	80171	55	55	2	2	39203	0	-1	0	0																															0	0	0	0	0
沼泽树精	at:10;1;1|gu:1|es:1|wa:0;0;0;0;0;0;0;	800138	80172	55	55	3	3	39204	0	-1	0	0																															0	0	0	0	0
地龙蜥	at:10;1;1|gu:1|es:1|wa:0;0;0;0;0;0;0;	800139	80173	55	55	2	2	39205	0	-1	0	0																															0	0	0	0	0
巨狼	at:10;1;1|gu:1|es:1|wa:0;0;0;0;0;0;0;	800140	80174	58	60	1	10	7025	-1	-1	0	0	14819	18013	18034	18310	18311						1	12	8	1	1						16918	14424	14819	18310	18311	1	200	200	120	80	0	0	0	0	0
恶魔	at:10;1;1|gu:1|es:1|wa:0;0;0;0;0;0;0;	800141	80175	58	60	1	10	6007	-1	-1	0	0	14845	18080	18059	18313	18312						1	2	18	1	1						16944	14466	14845	18313	18312	1	200	200	20	180	0	0	0	0	0
#####洗礼三阿蒙的幻影#####
石怪	at:10;1;1|gu:1|es:1|wa:0;0;0;0;0;0;0;	800142	80176	1	1	1	10	622	-1	-1	0	0	14922	18005	18310								1	20	2								17021	14450	14922	18310		1	200	200	200		0	0	0	0	0
岩怪	at:10;1;1|gu:1|es:1|wa:0;0;0;0;0;0;0;	800143	80177	1	1	1	10	23008	-1	-1	0	0	15040	18019	18040	18310	18311						1	10	2	1	1						17140	14457	15040	18310	18311	1	200	200	140	60	0	0	0	0	0
地之精灵	at:10;1;1|gu:1|es:1|wa:0;0;0;0;0;0;0;	800144	80178	65	65	1	1	39206	0	-1	0	0																															1	1	0	0	0
石怪	at:10;1;1|gu:1|es:1|wa:0;0;0;0;0;0;0;	800145	80179	55	55	3	3	622	0	-1	0	0																															0	0	0	0	0
岩怪	at:10;1;1|gu:1|es:1|wa:0;0;0;0;0;0;0;	800146	80180	55	55	2	2	23008	0	-1	0	0																															0	0	0	0	0
液态史莱姆	at:10;1;1|gu:1|es:1|wa:0;0;0;0;0;0;0;	800147	80181	1	1	1	10	9004	-1	-1	0	0	14895	18005	18026	18310	18311						1	4	36	1	1						16994	14440	14895	18311	18310	1	200	200	20	180	0	0	0	0	0
人魔草	at:10;1;1|gu:1|es:1|wa:0;0;0;0;0;0;0;	800148	80182	1	1	1	10	8009	-1	-1	0	0	14884	18032	18053	18311	18312						1	16	4	1	1						16983	14483	14884	18311	18312	1	200	200	160	40	0	0	0	0	0
水之精灵	at:10;1;1|gu:1|es:1|wa:0;0;0;0;0;0;0;	800149	80183	65	65	1	1	39207	0	-1	0	0																															1	1	0	0	0
液态史莱姆	at:10;1;1|gu:1|es:1|wa:0;0;0;0;0;0;0;	800150	80184	55	55	2	2	9004	0	-1	0	0																															0	0	0	0	0
人魔草	at:10;1;1|gu:1|es:1|wa:0;0;0;0;0;0;0;	800151	80185	55	55	3	3	8009	0	-1	0	0																															0	0	0	0	0
地狱猎犬	at:10;1;1|gu:1|es:1|wa:0;0;0;0;0;0;0;	800152	80186	1	1	1	10	5040	-1	-1	0	0	14820	18056	18312								1	6	1								16919	14424	14820	18312	18313	1	200	200	120	80	0	0	0	0	0
狠毒鸟人	at:10;1;1|gu:1|es:1|wa:0;0;0;0;0;0;0;	800153	80187	1	1	1	10	39208	-1	-1	0	0	14956	18050	18029	18312	18311						1	2	18	1	1						17055	14401	14956	18312	18311	1	200	200	20	180	0	0	0	0	0
火之精灵	at:10;1;1|gu:1|es:1|wa:0;0;0;0;0;0;0;	800154	80188	65	65	1	1	39209	0	-1	0	0																															1	1	0	0	0
地狱猎犬	at:10;1;1|gu:1|es:1|wa:0;0;0;0;0;0;0;	800155	80189	55	55	2	2	5040	0	-1	0	0																															0	0	0	0	0
狠毒鸟人	at:10;1;1|gu:1|es:1|wa:0;0;0;0;0;0;0;	800156	80190	55	55	3	3	3013	0	-1	0	0																															0	0	0	0	0
宝石鼠	at:10;1;1|gu:1|es:1|wa:0;0;0;0;0;0;0;	800157	80191	1	1	1	10	5027	-1	-1	0	0	14815	18072	18313								1	5	2								16914	14422	14815	18313		1	200	200	200		0	0	0	0	0
冥界死神	at:10;1;1|gu:1|es:1|wa:0;0;0;0;0;0;0;	800158	80192	1	1	1	10	21104	-1	-1	0	0	15011	18068	18313								1	20	2								17111	14470	15011	18313		1	200	200	200		0	0	0	0	0
风之精灵	at:10;1;1|gu:1|es:1|wa:0;0;0;0;0;0;0;	800159	80193	65	65	1	1	39210	0	-1	0	0																															1	1	0	0	0
宝石鼠	at:10;1;1|gu:1|es:1|wa:0;0;0;0;0;0;0;	800160	80194	55	55	3	3	5027	0	-1	0	0																															0	0	0	0	0
冥界死神	at:10;1;1|gu:1|es:1|wa:0;0;0;0;0;0;0;	800161	80195	55	55	2	2	21104	0	-1	0	0																															0	0	0	0	0
鸟人	at:10;1;1|gu:1|es:1|wa:0;0;0;0;0;0;0;	800162	831	1	1	1	1	1018	-1	-1	0	1	14954	18005	18068	18310	18313						5	18	2	1	1						17053	14400	14954	18310	18313	1	200	200	180	20	0	0	0	0	0
石怪	at:10;1;1|gu:1|es:1|wa:0;0;0;0;0;0;0;	800163	622	1	1	1	1	622	-1	-1	0	1	14922	18005	18310								1	20	2								17021	14450	14922	18310		1	200	200	200		0	0	0	0	0
史莱姆	at:10;1;1|gu:1|es:1|wa:0;0;0;0;0;0;0;	800164	501	1	1	1	1	14000	-1	-1	0	1	14894	18005	18068	18310	18311						5	36	4	1	1						16993	14440	14894	18310	18313	1	200	200	180	20	0	0	0	0	0
哥布林	at:10;1;1|gu:1|es:1|wa:0;0;0;0;0;0;0;	800165	801	1	1	1	1	1003	-1	-1	0	1	14942	18005	18026	18195	18310	18311					5	28	12	10	1	1					17041	14400	14942	18310	18311	1	200	200	140	60	0	0	0	0	0
#####洗礼四龙之试炼#####
希特拉	at:10;1;1|gu:1|es:1|wa:0;0;0;0;0;0;0;	800166	80196	1	1	2	2	39211	-1	-1	0	0																															0	0	800167	0	0
口袋龙	at:10;1;1|gu:1|es:1|wa:0;0;0;0;0;0;0;	800167	80197	70	70	1	1	20072	-1	-1	0	0																															0	0	0	0	0
蛟龙	at:10;1;1|gu:1|es:1|wa:0;0;0;0;0;0;0;	800168	80198	1	1	2	2	39211	-1	-1	0	0																															0	0	800169	0	0
迷你龙	at:10;1;1|gu:1|es:1|wa:0;0;0;0;0;0;0;	800169	80199	70	70	1	1	20073	-1	-1	0	0																															0	0	0	0	0
亚普斯	at:10;1;1|gu:1|es:1|wa:0;0;0;0;0;0;0;	800170	80200	1	1	2	2	39211	-1	-1	0	0																															0	0	800171	0	0
雏龙	at:10;1;1|gu:1|es:1|wa:0;0;0;0;0;0;0;	800171	80201	70	70	1	1	20074	-1	-1	0	0																															0	0	0	0	0
八歧大蛇	at:10;1;1|gu:1|es:1|wa:0;0;0;0;0;0;0;	800172	80202	1	1	2	2	39211	-1	-1	0	0																															0	0	800173	0	0
穴龙	at:10;1;1|gu:1|es:1|wa:0;0;0;0;0;0;0;	800173	80203	70	70	1	1	20075	-1	-1	0	0																															0	0	0	0	0
希特拉	at:10;1;1|gu:1|es:1|wa:0;0;0;0;0;0;0;	800174	80204	80	80	2	2	39211	-1	-1	0	0																															0	0	800175	0	0
口袋龙	at:10;1;1|gu:1|es:1|wa:0;0;0;0;0;0;0;	800175	80205	70	70	1	1	20072	-1	-1	0	0																															0	0	0	0	0
迷你龙	at:10;1;1|gu:1|es:1|wa:0;0;0;0;0;0;0;	800176	80206	70	70	1	10	20073	-1	-1	0	0																															0	0	0	0	0
单眼巨人	at:10;1;1|gu:1|es:1|wa:0;0;0;0;0;0;0;	800177	80207	70	70	2	6	20017	-1	-1	0	0																															0	0	0	0	0
锹形虫	at:10;1;1|gu:1|es:1|wa:0;0;0;0;0;0;0;	800178	80208	70	70	2	6	21303	-1	-1	0	0																															0	0	0	0	0
雏龙	at:10;1;1|gu:1|es:1|wa:0;0;0;0;0;0;0;	800179	80209	70	70	1	10	20074	-1	-1	0	0																															0	0	0	0	0
八歧大蛇	at:10;1;1|gu:1|es:1|wa:0;0;0;0;0;0;0;	800180	80210	80	80	2	2	39211	-1	-1	0	0																															0	0	800181	0	0
穴龙	at:10;1;1|gu:1|es:1|wa:0;0;0;0;0;0;0;	800181	80211	70	70	1	1	20075	-1	-1	0	0																															0	0	0	0	0
地龙神使	at:10;1;1|gu:1|es:1|wa:0;0;0;0;0;0;0;	800182	80212	90	90	1	1	39212	0	-1	0	0																															1	1	0	0	0
大地翼龙	at:10;1;1|gu:1|es:1|wa:0;0;0;0;0;0;0;	800183	80213	85	85	4	4	39213	0	-1	0	0																															0	0	0	0	0
水龙神使	at:10;1;1|gu:1|es:1|wa:0;0;0;0;0;0;0;	800184	80214	90	90	1	1	39214	0	-1	0	0																															1	1	0	0	0
寒冰翼龙	at:10;1;1|gu:1|es:1|wa:0;0;0;0;0;0;0;	800185	80215	85	85	4	4	39213	0	-1	0	0																															0	0	0	0	0
火龙神使	at:10;1;1|gu:1|es:1|wa:0;0;0;0;0;0;0;	800186	80216	90	90	1	1	39215	0	-1	0	0																															1	1	0	0	0
火焰翼龙	at:10;1;1|gu:1|es:1|wa:0;0;0;0;0;0;0;	800187	80217	85	85	4	4	39217	0	-1	0	0																															0	0	0	0	0
风龙神使	at:10;1;1|gu:1|es:1|wa:0;0;0;0;0;0;0;	800188	80218	90	90	1	1	39216	0	-1	0	0																															1	1	0	0	0
烈风翼龙	at:10;1;1|gu:1|es:1|wa:0;0;0;0;0;0;0;	800189	80219	85	85	4	4	39213	0	-1	0	0																															0	0	0	0	0
圣龙	at:10;1;1|gu:1|es:1|wa:0;0;0;0;0;0;0;	800190	80220	90	90	1	1	39218	0	-1	0	0																															1	1	0	0	0
魔龙	at:10;1;1|gu:1|es:1|wa:0;0;0;0;0;0;0;	800191	80221	90	90	1	1	39219	0	-1	0	0																															1	1	0	0	0
#####洗礼五最后的洗礼#####
大角羊	at:10;1;1|gu:1|es:1|wa:0;0;0;0;0;0;0;	800192	80222	1	1	1	1	39220	0	-1	0	0																															0	0	0	0	0
莉迪雅	at:10;1;1|gu:1|es:1|wa:0;0;0;0;0;0;0;	800193	80223	1	1	1	1	39221	0	-1	0	0																															0	0	0	0	0
大角羊	at:10;1;1|gu:1|es:1|wa:0;0;0;0;0;0;0;	800194	80224	95	95	1	1	39220	0	-1	0	0																															0	0	0	0	0
莉迪雅	at:10;1;1|gu:1|es:1|wa:0;0;0;0;0;0;0;	800195	80225	95	95	1	1	39221	0	-1	0	0																															0	0	0	0	0
古尔迪亚	at:10;1;1|gu:1|es:1|wa:0;0;0;0;0;0;0;	800196	80226	120	120	1	1	39222	0	-1	0	0																															1	1	0	0	0
欧奴奇美拉	at:10;1;1|gu:1|es:1|wa:0;0;0;0;0;0;0;	800197	80227	95	95	1	1	39223	0	-1	0	0																															1	1	0	0	0
艾德奇美拉	at:10;1;1|gu:1|es:1|wa:0;0;0;0;0;0;0;	800198	80228	95	95	1	1	39223	0	-1	0	0																															1	1	0	0	0
依鲁特奇美拉	at:10;1;1|gu:1|es:1|wa:0;0;0;0;0;0;0;	800199	80229	95	95	1	1	39223	0	-1	0	0																															1	1	0	0	0
欧特奇美拉	at:10;1;1|gu:1|es:1|wa:0;0;0;0;0;0;0;	800200	80230	95	95	1	1	39223	0	-1	0	0																															1	1	0	0	0
艾克尼奇美拉	at:10;1;1|gu:1|es:1|wa:0;0;0;0;0;0;0;	800201	80231	95	95	1	1	39223	0	-1	0	0																															1	1	0	0	0
奥尔曼	at:10;1;1|gu:1|es:1|wa:0;0;0;0;0;0;0;	800202	80232	120	120	1	1	39224	0	-1	0	0																															1	1	0	0	0
近卫师团战士	at:10;1;1|gu:1|es:1|wa:0;0;0;0;0;0;0;	800203	80233	95	95	1	1	39225	0	-1	0	0																															1	1	0	0	0
近卫师团战士	at:10;1;1|gu:1|es:1|wa:0;0;0;0;0;0;0;	800204	80234	95	95	1	1	39226	0	-1	0	0																															1	1	0	0	0
近卫师团战士	at:10;1;1|gu:1|es:1|wa:0;0;0;0;0;0;0;	800205	80235	95	95	1	1	39227	0	-1	0	0																															1	1	0	0	0
近卫师团战士	at:10;1;1|gu:1|es:1|wa:0;0;0;0;0;0;0;	800206	80236	95	95	1	1	39228	0	-1	0	0																															1	1	0	0	0
菲尔尼	at:10;1;1|gu:1|es:1|wa:0;0;0;0;0;0;0;	800207	80237	120	120	1	1	39229	0	-1	0	0																															1	1	0	0	0
士官长	at:10;1;1|gu:1|es:1|wa:0;0;0;0;0;0;0;	800208	80238	95	95	1	1	39230	0	-1	0	0																															1	1	0	0	0
士官长	at:10;1;1|gu:1|es:1|wa:0;0;0;0;0;0;0;	800209	80239	95	95	1	1	39231	0	-1	0	0																															1	1	0	0	0
士官长	at:10;1;1|gu:1|es:1|wa:0;0;0;0;0;0;0;	800210	80240	95	95	1	1	39232	0	-1	0	0																															1	1	0	0	0
士官长	at:10;1;1|gu:1|es:1|wa:0;0;0;0;0;0;0;	800211	80241	95	95	1	1	39233	0	-1	0	0																															1	1	0	0	0
