####洗礼一路见不平####
巢穴粘稠怪	80149	20	5	7	38	23	10	6	18	100	2	30	0	0	0	0	10	90	0	0	0	0	0	0	1	3	0	0	9	101503	100	0			0	7300	7400	7930							
巢穴飞虫	80150	20	5	4	16	39	32	7	12	200	4	20	0	0	20	0	0	80	0	0	0	0	0	0	1	1	0	0	7	107303	100	0			0	7300	7400	330							
巢穴行尸	80151	20	5	2	33	32	5	13	12	100	2	30	0	0	0	60	40	0	0	0	0	0	0	0	1	3	0	0	9	101101	100	0			0	7300	7400								
巢穴卫兵	80152	20	5	2	11	22	39	8	20	150	3	20	0	0	0	0	70	30	0	0	0	0	0	0	1	2	0	0	8	101111	100	0			0	7300	7400	630							
巢穴捕捉者	80153	20	5	4	22	14	15	18	26	100	2	30	0	0	0	100	0	0	0	0	0	0	0	0	1	3	0	0	9	101331	100	0			0	7300	7400	2030							
巢穴石像怪	80154	20	5	3	14	30	32	22	22	250	5	0	5	0	90	0	0	10	100	100	100	100	100	100	1	0	5	5	6	101210	100	0			0	7300	7400	7730	1830						
巢穴武装守卫	80155	200	5	9	150	65	10	25	20	300	6	50	0	0	30	30	30	30	0	0	0	0	0	0	0	0	0	0	6	101113	100	0			0	7300	7400								
巢穴卫兵	80156	200	5	2	32	60	10	25	20	150	3	20	0	0	0	0	70	30	0	0	0	0	0	0	1	2	0	0	8	101111	100	0			0	7300	7400	630							
巢穴捕捉者	80157	200	5	4	50	20	10	25	100	100	2	30	0	0	0	100	0	0	0	0	0	0	0	0	1	3	0	0	9	101331	100	0			0	7300	7400	2030							
麦卡恩	80158	200	5	9	250	40	0	25	180	300	6	50	20	30	30	30	30	30	100	0	0	0	0	0	0	0	0	0	6	107103	100	0			0	7300	7400								
巢穴武装守卫	80159	30	5	2	100	100	10	30	10	300	6	50	0	0	30	30	30	30	0	0	0	0	0	0	0	0	0	0	6	101113	100	0			0	7300	7400								
巢穴卫兵	80160	100	5	2	140	80	10	30	10	150	3	20	0	0	0	0	70	30	0	0	0	0	0	0	1	2	0	0	8	101111	100	0			0	7300	7400	630							
#####洗礼二传承使者#####
巨狼	80161	20	5	6	20	35	9	23	18	200	4	10	0	0	60	40	0	0	0	0	0	0	0	0	0	1	0	0	7	101031	100	0			0	7300	7400	630							
恶魔	80162	20	5	3	8	25	24	24	29	250	5	0	0	0	0	0	10	90	0	0	0	0	0	0	0	0	0	0	6	101213	100	0			0	7300	7400	7530	2230						
水晶螃蟹	80163	20	5	8	16	29	34	8	8	100	2	30	0	0	0	80	20	0	0	0	0	0	0	0	0	3	0	0	9	101631	100	0			0	7300	7400	7830							
液态史莱姆	80164	20	5	7	47	22	13	3	10	100	2	30	0	0	10	90	0	0	0	0	0	0	0	0	0	3	0	0	9	101501	100	0			0	7300	1230								
水龙蜥	80165	20	5	1	34	36	32	9	4	200	4	10	0	0	0	80	20	0	0	0	0	0	0	0	0	1	0	0	7	101721	100	0			0	7300	7400	7730							
冰冷树精	80166	20	5	5	28	13	25	14	20	150	3	20	0	0	0	70	30	0	0	0	0	0	0	0	0	2	0	0	8	101404	100	0			0	7300	7400	2030							
火龙蜥	80167	20	5	1	30	35	35	10	5	200	4	10	0	0	0	0	80	20	0	0	0	0	0	0	1	1	0	0	7	101722	100	0			0	7300	7400								
木乃伊	80168	20	5	2	37	30	12	6	15	150	3	20	0	0	0	0	50	50	0	0	0	0	0	0	1	3	0	0	8	101104	100	0			0	7300	7400	8030							
万年河童	80169	200	5	9	220	10	0	10	160	500	10	100	0	0	50	50	50	50	0	0	0	0	0	0	2	3	0	0	10	101513	100	0			0	7300	7400								
腐尸	80170	20	5	2	40	35	10	5	5	100	2	30	0	0	60	40	0	0	0	0	0	0	0	0	0	3	0	0	9	101103	100	0			0	7300	7400	7830							
铁剪螃蟹	80171	20	5	8	12	32	35	10	6	100	2	30	0	0	80	0	0	20	0	0	0	0	0	0	1	3	0	0	9	101632	100	0			0	7300	7400	330							
沼泽树精	80172	20	5	5	29	12	27	13	19	150	3	20	0	0	70	30	0	0	0	0	0	0	0	0	1	2	0	0	8	101405	100	0			0	7300	7400	7530							
地龙蜥	80173	20	5	1	27	32	32	13	6	200	4	10	0	0	80	20	0	0	0	0	0	0	0	0	0	1	0	0	7	101720	100	0			0	7300	7400	330							
巨狼	80174	20	5	6	20	35	9	23	18	200	4	10	0	0	60	40	0	0	0	0	0	0	0	0	0	1	0	0	7	101031	100	0			0	7300	7400	630							
恶魔	80175	20	5	3	8	25	24	24	29	250	5	0	0	0	0	0	10	90	0	0	0	0	0	0	0	0	0	0	6	101213	100	0			0	7300	7400	7530	2230						
#####洗礼三阿蒙的幻影#####
石怪	80176	20	5	8	13	36	41	4	11	200	4	10	0	0	100	0	0	0	0	0	0	0	0	0	0	1	0	0	7	101621	100	0			0	7300	7400								
岩怪	80177	20	5	8	27	20	38	3	12	150	3	30	0	0	70	30	0	0	0	0	0	0	0	0	1	3	0	0	8	107610	100	0			0	7300	7400	1130							
地之精灵	80178	200	5	9	220	40	0	10	220	500	10	100	0	0	50	50	50	50	0	0	0	0	0	0	2	3	0	0	10	101810	100	0			0	7300	7400								
石怪	80179	20	5	8	13	36	41	4	11	200	4	10	0	0	100	0	0	0	0	0	0	0	0	0	0	1	0	0	7	101621	100	0			0	7300	7400								
岩怪	80180	20	5	8	27	20	38	3	12	150	3	30	0	0	70	30	0	0	0	0	0	0	0	0	1	3	0	0	8	107610	100	0			0	7300	7400	1130							
液态史莱姆	80181	20	5	7	47	22	13	3	10	100	2	30	0	0	10	90	0	0	0	0	0	0	0	0	0	3	0	0	9	101501	100	0			0	7300	1230								
人魔草	80182	20	5	5	20	15	9	12	39	100	2	30	0	0	0	80	20	0	0	0	0	0	0	0	1	3	0	0	9	101413	100	0			0	7300	7400	2430							
水之精灵	80183	200	5	9	220	40	0	10	220	500	10	100	0	0	50	50	50	50	0	0	0	0	0	0	2	3	0	0	10	101811	100	0			0	7300	7400								
液态史莱姆	80184	20	5	7	47	22	13	3	10	100	2	30	0	0	10	90	0	0	0	0	0	0	0	0	0	3	0	0	9	101501	100	0			0	7300	1230								
人魔草	80185	20	5	5	20	15	9	12	39	100	2	30	0	0	0	80	20	0	0	0	0	0	0	0	1	3	0	0	9	101413	100	0			0	7300	7400	2430							
地狱猎犬	80186	20	5	6	22	33	17	20	13	200	4	10	0	0	0	0	60	40	0	0	0	0	0	0	1	1	0	0	7	101032	100	0			0	7300	7400								
狠毒鸟人	80187	20	5	0	16	17	12	37	18	150	3	20	0	0	0	10	90	0	0	0	0	0	0	0	0	2	0	0	8	101832	100	0			0	7300	7400	930							
火之精灵	80188	200	5	9	220	40	0	10	220	500	10	100	0	0	50	50	50	50	0	0	0	0	0	0	2	3	0	0	10	101813	100	0			0	7300	7400								
地狱猎犬	80189	20	5	6	22	33	17	20	13	200	4	10	0	0	0	0	60	40	0	0	0	0	0	0	1	1	0	0	7	101032	100	0			0	7300	7400								
狠毒鸟人	80190	20	5	0	16	17	12	37	18	150	3	20	0	0	0	10	90	0	0	0	0	0	0	0	0	2	0	0	8	101832	100	0			0	7300	7400	930							
宝石鼠	80191	20	5	6	5	5	20	25	35	50	1	40	0	0	0	0	0	100	0	0	0	0	0	0	1	4	0	0	10	101023	100	0			0	7300	2230	2630							
冥界死神	80192	20	5	2	25	40	12	21	27	300	6	0	0	0	0	0	0	100	0	0	0	0	0	0	0	4	0	0	6	107103	100	0	170		0	7300	7400								
风之精灵	80193	200	5	9	220	40	0	10	220	500	10	100	0	0	50	50	50	50	0	0	0	0	0	0	2	3	0	0	10	101812	100	0			0	7300	7400								
宝石鼠	80194	20	5	6	5	5	20	25	35	50	1	40	0	0	0	0	0	100	0	0	0	0	0	0	1	4	0	0	10	101023	100	0			0	7300	2230	2630							
冥界死神	80195	20	5	2	25	40	12	21	27	300	6	0	0	0	0	0	0	100	0	0	0	0	0	0	0	4	0	0	6	107103	100	0	170		0	7300	7400								
#####洗礼四龙之试炼#####
希特拉	80196	20	5	1	40	40	25	5	5	300	6	0	0	0	60	40	0	0	0	0	0	0	0	0	0	2	0	0	6	107700	100	0			0	7300	7400	7530							
口袋龙	80197	20	5	1	15	34	21	20	25	200	4	20	0	0	50	0	0	50	0	0	0	0	0	0	0	4	0	0	7	107710	100	0			0	7300	7400	1930	2330						
蛟龙	80198	20	5	1	38	42	23	6	6	300	6	0	0	0	0	60	40	0	0	0	0	0	0	0	1	2	0	0	6	107701	100	0			0	7300	7400	7630							
迷你龙	80199	20	5	1	10	35	23	21	26	200	4	20	0	0	50	50	0	0	0	0	0	0	0	0	1	4	0	0	7	107711	100	0			0	7300	7400	2030	2430						
亚普斯	80200	20	5	1	36	43	28	4	4	300	6	0	0	0	0	0	60	40	0	0	0	0	0	0	0	2	0	0	6	107702	100	0			0	7300	7400	7730							
雏龙	80201	20	5	1	12	32	22	22	27	200	4	20	0	0	0	50	50	0	0	0	0	0	0	0	1	4	0	0	7	107712	100	0			0	7300	7400	2130	2530						
八歧大蛇	80202	20	5	1	44	44	21	3	3	300	6	0	0	0	40	0	0	60	0	0	0	0	0	0	1	2	0	0	6	107703	100	0			0	7300	7400	8130							
穴龙	80203	20	5	1	11	31	20	25	28	200	4	20	0	0	0	0	50	50	0	0	0	0	0	0	0	4	0	0	7	107713	100	0			0	7300	7400	2230	2630						
希特拉	80204	20	5	1	40	40	25	5	5	300	6	0	0	0	60	40	0	0	0	0	0	0	0	0	0	2	0	0	6	107700	100	0			0	7300	7400	7530							
口袋龙	80205	20	5	1	15	34	21	20	25	200	4	20	0	0	50	0	0	50	0	0	0	0	0	0	0	4	0	0	7	107710	100	0			0	7300	7400	1930	2330						
迷你龙	80206	20	5	1	10	35	23	21	26	200	4	20	0	0	50	50	0	0	0	0	0	0	0	0	1	4	0	0	7	107711	100	0			0	7300	7400	2030	2430						
单眼巨人	80207	20	5	0	32	32	18	10	18	250	5	0	0	0	0	100	0	0	0	0	0	0	0	0	1	0	0	0	6	101811	100	0			0	7300	7400								
锹形虫	80208	20	5	4	13	37	27	12	16	200	4	20	0	0	0	0	80	20	0	0	0	0	0	0	0	1	0	0	7	107302	100	0			0	7300	7400	530							
雏龙	80209	20	5	1	12	32	22	22	27	200	4	20	0	0	0	50	50	0	0	0	0	0	0	0	1	4	0	0	7	107712	100	0			0	7300	7400	2130	2530						
八歧大蛇	80210	20	5	1	44	44	21	3	3	300	6	0	0	0	40	0	0	60	0	0	0	0	0	0	1	2	0	0	6	107703	100	0			0	7300	7400	8130							
穴龙	80211	20	5	1	11	31	20	25	28	200	4	20	0	0	0	0	50	50	0	0	0	0	0	0	0	4	0	0	7	107713	100	0			0	7300	7400	2230	2630						
地龙神使	80212	200	5	9	300	20	0	0	170	500	10	100	0	0	50	50	50	50	0	0	0	0	0	0	2	3	0	0	10	101900	100	0			0	7300	7400								
大地翼龙	80213	30	5	1	27	26	30	18	9	250	5	0	0	0	100	0	0	0	0	0	0	0	0	0	1	0	0	0	6	101710	100	0			0	7300	7400	7530							
水龙神使	80214	200	5	9	300	20	0	0	170	500	10	100	0	0	50	50	50	50	0	0	0	0	0	0	2	3	0	0	10	101901	100	0			0	7300	7400								
寒冰翼龙	80215	30	5	1	28	28	29	15	10	250	5	0	0	0	0	100	0	0	0	0	0	0	0	0	0	0	0	0	6	101711	100	0			0	7300	7400	7830							
火龙神使	80216	200	5	9	300	20	0	0	170	500	10	100	0	0	50	50	50	50	0	0	0	0	0	0	2	3	0	0	10	101902	100	0			0	7300	7400								
火焰翼龙	80217	30	5	1	31	31	23	14	11	250	5	0	0	0	0	0	100	0	0	0	0	0	0	0	0	0	0	0	6	101712	100	0			0	7300	7400								
风龙神使	80218	200	5	9	300	20	0	0	170	500	10	100	0	0	50	50	50	50	0	0	0	0	0	0	2	3	0	0	10	101903	100	0			0	7300	7400								
烈风翼龙	80219	30	5	1	30	28	21	18	13	250	5	0	0	0	0	0	0	100	0	0	0	0	0	0	1	0	0	0	6	101713	100	0			0	7300	7400								
圣龙	80220	200	5	9	300	20	0	0	170	500	10	100	0	0	50	50	50	50	0	0	0	0	0	0	2	3	0	0	10	101904	100	0			0	7300	7400								
魔龙	80221	200	5	9	300	20	0	0	170	500	10	100	0	0	50	50	50	50	0	0	0	0	0	0	2	3	0	0	10	101905	100	0			0	7300	7400								
#####洗礼五最后的洗礼#####
大角羊	80222	30	5	9	240	40	0	0	180	300	6	0	0	0	0	80	20	0	50	50	50	50	50	50	1	0	0	0	10	101922	100	0			0	7300	7400								
莉迪雅	80223	30	5	9	240	40	0	0	180	300	6	0	0	0	20	0	0	80	50	50	50	50	50	50	1	0	0	0	10	101923	100	0			0	7300	7400								
大角羊	80224	30	5	9	240	40	0	0	180	300	6	0	0	0	0	80	20	0	50	50	50	50	50	50	1	0	0	0	10	101922	100	0			0	7300	7400								
莉迪雅	80225	30	5	9	240	40	0	0	180	300	6	0	0	0	20	0	0	80	50	50	50	50	50	50	1	0	0	0	10	101923	100	0			0	7300	7400								
古尔迪亚	80226	200	5	9	280	10	0	0	150	500	10	100	5	5	50	50	50	50	0	0	0	0	0	0	2	3	5	5	10	101905	100	0			0	7300	7400								
欧奴奇美拉	80227	100	5	9	230	35	0	5	100	300	6	0	0	0	30	30	30	30	50	50	50	50	50	50	1	0	0	0	10	107900	100	0			0	7300	7400								
艾德奇美拉	80228	100	5	9	230	35	0	5	100	300	6	0	0	0	30	30	30	30	50	50	50	50	50	50	1	0	0	0	10	107901	100	0			0	7300	7400								
依鲁特奇美拉	80229	100	5	9	230	35	0	5	100	300	6	0	0	0	30	30	30	30	50	50	50	50	50	50	1	0	0	0	10	107902	100	0			0	7300	7400								
欧特奇美拉	80230	100	5	9	230	35	0	5	100	300	6	0	0	0	30	30	30	30	50	50	50	50	50	50	1	0	0	0	10	107903	100	0			0	7300	7400								
艾克尼奇美拉	80231	100	5	9	230	35	0	5	100	300	6	0	0	0	30	30	30	30	50	50	50	50	50	50	1	0	0	0	10	107904	100	0			0	7300	7400								
奥尔曼	80232	200	5	9	280	10	0	0	150	500	10	100	5	5	50	50	50	50	0	0	0	0	0	0	2	3	5	5	10	106130	100	0			0	7300	7400								
近卫师团战士	80233	200	5	9	200	10	0	0	100	500	10	100	0	0	50	50	50	50	0	0	0	0	0	0	2	3	0	0	10	101810	100	0			0	7300	7400								
近卫师团战士	80234	200	5	9	200	10	0	0	100	500	10	100	0	0	50	50	50	50	0	0	0	0	0	0	2	3	0	0	10	101811	100	0			0	7300	7400								
近卫师团战士	80235	200	5	9	200	10	0	0	100	500	10	100	0	0	50	50	50	50	0	0	0	0	0	0	2	3	0	0	10	101813	100	0			0	7300	7400								
近卫师团战士	80236	200	5	9	200	10	0	0	100	500	10	100	0	0	50	50	50	50	0	0	0	0	0	0	2	3	0	0	10	101812	100	0			0	7300	7400								
菲尔尼	80237	200	5	9	320	10	0	0	170	500	10	100	5	5	50	50	50	50	0	0	0	0	0	0	2	3	5	5	10	107914	100	0			0	7300	7400								
士官长	80238	200	5	9	215	25	0	10	130	500	10	100	0	0	50	50	50	50	0	0	0	0	0	0	2	3	0	0	10	107910	100	0			0	7300	7400								
士官长	80239	200	5	9	215	25	0	10	130	500	10	100	0	0	50	50	50	50	0	0	0	0	0	0	2	3	0	0	10	107911	100	0			0	7300	7400								
士官长	80240	200	5	9	215	25	0	10	130	500	10	100	0	0	50	50	50	50	0	0	0	0	0	0	2	3	0	0	10	107912	100	0			0	7300	7400								
士官长	80241	200	5	9	215	25	0	10	130	500	10	100	0	0	50	50	50	50	0	0	0	0	0	0	2	3	0	0	10	107913	100	0			0	7300	7400								
