###诺斯菲拉特大陆系列###
勇气加持之梦魇	at:10;1;1|gu:1|es:1|wa:0;0;0;0;0;0;0;	80082	80109	95	95	1	1	39110	0	-1	0	0																															1	1	0	0	0
恶梦鼠	at:10;1;1|gu:1|es:1|wa:0;0;0;0;0;0;0;	80083	22	48	52	1	5	39111	0	-1	0	0																															0	0	0	0	0
恶魔蝙蝠	at:10;1;1|gu:1|es:1|wa:0;0;0;0;0;0;0;	80084	245	48	52	1	5	39112	0	-1	0	0																															0	0	0	0	0
死亡树精	at:10;1;1|gu:1|es:1|wa:0;0;0;0;0;0;0;	80085	402	80	84	1	5	39113	-1	-1	0	0	18020	18041	18310	18311							1	8	8	1																	0	0	0	0	0
影岩	at:10;1;1|gu:1|es:1|wa:0;0;0;0;0;0;0;	80086	5614	80	84	1	5	39114	-1	-1	0	0	18083	18020	18313	18310							1	8	5	1																	0	0	0	0	0
烟雾	at:10;1;1|gu:1|es:1|wa:0;0;0;0;0;0;0;	80087	5502	84	88	1	5	39115	-1	-1	0	0	18020	18041	18310	18311	50864						1	8	1	5	1																0	0	0	0	0
掘地虫	at:10;1;1|gu:1|es:1|wa:0;0;0;0;0;0;0;	80088	5302	84	88	1	5	39116	-1	-1	0	0	18062	18041	18312	18311	50864						1	8	3	5	1																0	0	0	0	0
##################
烟雾	at:10;1;1|gu:1|es:1|wa:0;0;0;0;0;0;0;	80089	5502	85	85	1	5	39115	-1	-1	0	0	18020	18041	18310	18311	50864						1	8	1	5	1																0	0	0	0	0
掘地虫	at:10;1;1|gu:1|es:1|wa:0;0;0;0;0;0;0;	80090	5302	85	85	1	5	39116	-1	-1	0	0	18062	18041	18312	18311	50864						1	8	3	5	1																0	0	0	0	0
人才训练部队成员	at:10;1;1|gu:1|es:1|wa:0;0;0;0;0;0;0;	80091	80110	79	79	1	1	39117	0	-1	0	0	50867										100																				1	1	0	0	0
人才训练部队成员	at:10;1;1|gu:1|es:1|wa:0;0;0;0;0;0;0;	80092	80111	79	79	1	1	39118	0	-1	4	0	50868										100																				1	1	0	0	0
人才训练部队成员	at:10;1;1|gu:1|es:1|wa:0;0;0;0;0;0;0;	80093	80112	79	79	1	1	39119	0	-1	0	0	50869										100																				1	1	0	0	0
人才训练部队成员	at:10;1;1|gu:1|es:1|wa:0;0;0;0;0;0;0;	80094	80113	79	79	1	1	39120	0	-1	0	0	50870										100																				1	1	0	0	0
铁拳・艾谢巴特	at:10;1;1|gu:1|es:1|wa:0;0;0;0;0;0;0;	80095	80114	95	95	1	1	39121	0	-1	0	0																															1	1	0	0	0
