À¶ÑæÊ¥Áú	at:10;1;1|gu:1|es:1|wa:0;0;0;0;0;0;0;	30001	30001	1	1	1	1	0	-1	-1	0	1																															0	0			0
³àÏöÏèÁú	at:10;1;1|gu:1|es:1|wa:0;0;0;0;0;0;0;	30002	30002	1	1	1	1	0	-1	-1	0	1																															0	0			0
À¶¾§¾ŞÊŞ	at:10;1;1|gu:1|es:1|wa:0;0;0;0;0;0;0;	30003	30003	1	1	1	1	0	-1	-1	0	1																															0	0			0
¼²·çÓÄÈĞ	at:10;1;1|gu:1|es:1|wa:0;0;0;0;0;0;0;	30004	30004	1	1	1	1	0	-1	-1	0	1																															0	0			0
êØ¹âÊ¥ÊŞ	at:10;1;1|gu:1|es:1|wa:0;0;0;0;0;0;0;	30005	30005	1	1	1	1	0	-1	-1	0	1																															0	0			0
ÁéÏ¬ÊØÎÀ	at:10;1;1|gu:1|es:1|wa:0;0;0;0;0;0;0;	30006	30006	1	1	1	1	0	-1	-1	0	1																															0	0			0
Á÷ĞÇÉäÊÖ	at:10;1;1|gu:1|es:1|wa:0;0;0;0;0;0;0;	30007	30007	1	1	1	1	0	-1	-1	4	1																															0	0			0
º®Ëª·ÉÁú	at:10;1;1|gu:1|es:1|wa:0;0;0;0;0;0;0;	30008	30008	1	1	1	1	0	-1	-1	0	1																															0	0			0
Õ½¶Ü¾ŞÁé	at:10;1;1|gu:1|es:1|wa:0;0;0;0;0;0;0;	30009	30009	1	1	1	1	0	-1	-1	0	1																															0	0			0
×·ÔÂó«òë	at:10;1;1|gu:1|es:1|wa:0;0;0;0;0;0;0;	30010	30010	1	1	1	1	0	-1	-1	0	1																															0	0			0
Æø¹¦ó«òë	at:10;1;1|gu:1|es:1|wa:0;0;0;0;0;0;0;	30011	30011	1	1	1	1	0	-1	-1	0	1																															0	0			0
À¶ÑæÊ¥Áú	at:10;1;1|gu:1|es:1|wa:0;0;0;0;0;0;0;	30012	30012	1	1	1	1	0	-1	-1	0	1																															0	0			0
³àÏöÏèÁú	at:10;1;1|gu:1|es:1|wa:0;0;0;0;0;0;0;	30013	30013	1	1	1	1	0	-1	-1	0	1																															0	0			0
À¶ÑæÊ¥Áú	at:10;1;1|gu:1|es:1|wa:0;0;0;0;0;0;0;	30014	30014	1	1	1	1	0	-1	-1	0	1																															0	0			0
³àÏöÏèÁú	at:10;1;1|gu:1|es:1|wa:0;0;0;0;0;0;0;	30015	30015	1	1	1	1	0	-1	-1	0	1																															0	0			0
