见习封灵使		1551	1	100000	200000						13	10	15	6	8	6	6	15	15	6	15	6	6	15	6	10	10	10	10	10	10	10	10					
封灵使		1552	1	100000	200000						13	10	15	6	8	6	6	15	15	6	15	6	6	15	6	10	10	10	10	10	10	10	10					
王宫封灵使		1553	1	100000	200000						13	10	15	6	8	6	6	15	15	6	15	6	6	15	6	10	10	10	10	10	10	10	10					
封灵师范		1554	1	100000	200000						13	10	15	6	8	6	6	15	15	6	15	6	6	15	6	10	10	10	10	10	10	10	10					
封灵大师		1555	1	100000	200000						11	10	12	6	8	6	6	12	12	6	12	6	6	12	6	12	12	12	12	12	12	12	12					
灵语者		1556	1	100000	200000						6	6	6	12	12	15	15	6	6	15	6	15	12	6	15	15	15	15	15	15	15	15	15					
生灵之主		1557	1	100000	200000						13	10	15	6	8	6	6	15	15	6	15	6	6	15	6	15	15	15	15	15	15	15	15					
见习黑暗骑士		191	1	100	0						3	3	4	0	3	3	3	4	4	3	4	3	0	4	3	4	4	4	4	4	4	4	4					
民间黑暗骑士		192	1	100	0						3	3	6	0	3	3	3	6	6	3	6	3	0	6	3	6	6	6	6	6	6	6	6					
王宫黑暗骑士		193	1	100	0						3	3	8	0	3	3	3	8	8	3	8	3	0	8	3	8	8	8	8	8	8	8	8					
皇家黑暗骑士		194	1	100	0						3	3	10	0	3	3	3	10	10	3	10	3	0	10	3	10	10	10	10	10	10	10	10					
神界黑暗骑士		195	1	100	0						3	3	11	0	3	3	3	11	11	3	11	3	0	11	3	11	11	11	11	11	11	11	11					
黑暗神骑士		196	1	100	1						3	3	11	0	3	3	3	11	11	3	11	3	0	11	3	11	11	11	11	11	11	11	11					
黑暗神骑士		197	1	100	1						3	3	11	0	3	3	3	11	11	3	11	3	0	11	3	11	11	11	11	11	11	11	11					
			
