#经验表设置文件，前两个0请务必保留
0
0
8
40
128
312
648
1200
2048
3280
5000
7320
10368
14280
19208
25312
32768
41760
52488
65160
80000
97240
117128
139920
165888
195312
228488
265720
307328
353640
405000
461760
524288
592960
668168
750312
839808
937080
1042568
1156720
1280000
1412880
1555848
1709400
1874048
2050312
2238728
2439840
2654208
2882400
3125000
3382600
3655808
3945240
4251528
4575312
4917248
5278000
5658248
6058680
6480000
6922920
7388168
7876480
8388608
8925312
9487368
10075560
10690688
11333560
12005000
12705840
13436928
14199120
14993288
15820312
16681088
17576520
18507528
19475040
20480000
21523360
22606088
23729160
24893568
26100312
27350408
28644880
29984768
31371120
32805000
34287480
35819648
37402600
39037448
40725312
42467328
44264640
46118408
48029800
50000000
52030200
54121608
56275440
58492928
60775312
63123848
65539800
68024448
70579080
73205000
75903520
78675968
81523680
84448008
87450312
90531968
93694360
96938888
100266960
103680000
107179440
110766728
114443320
118210688
122070312
126023688
130072320
134217728
138461440
781250000