轟斂	0	1	1	1	1	1	1	1	10000	10000	10000	10000	100	50	10	0
즿却	10	11	12	13	14	15	16	17	10000	10000	10000	10000	100	50	10	600
쨬릊쩫却	20	21	22	23	24	25	26	27	10000	10000	10000	10000	100	50	10	600
폄却	30	31	32	33	34	35	36	37	10000	10000	10000	10000	100	50	10	600
묶減却	40	41	42	43	44	45	46	47	10000	10000	10000	10000	100	50	10	600
깡却	50	51	52	53	54	55	56	57	10000	10000	10000	10000	100	50	10	600
?????	60	61	62	63	64	65	66	67	10000	10000	10000	10000	100	50	10	600
침減可	70	71	72	73	74	75	76	77	10000	10000	10000	10000	100	50	10	600
쭟減可	80	81	82	83	84	85	86	87	10000	10000	10000	10000	100	50	10	600
룐丹却	90	91	92	93	94	95	96	97	10000	10000	10000	10000	100	50	10	600
?????	100	101	102	103	104	105	106	107	10000	10000	10000	10000	100	50	10	600
딧싱減可	110	111	112	113	114	115	116	117	10000	10000	10000	10000	100	50	10	600
???	120	121	122	123	124	125	126	127	10000	10000	10000	10000	100	50	10	600
愧減可	130	131	132	133	134	135	136	137	10000	10000	10000	10000	100	50	10	600
목쩫소	140	141	142	143	144	145	146	147	10000	10000	10000	10000	100	50	10	600
훠諒	150	151	152	153	154	155	156	157	10000	10000	10000	10000	100	50	10	600
坍?綾	160	161	162	163	164	165	166	167	10000	10000	10000	10000	100	50	10	600
즿斂훙	200	201	202	203	204	205	206	207	10000	10000	10000	10000	10000	10000	10000	600
릊斂훙	210	211	212	213	214	215	216	217	10000	10000	10000	10000	100	50	10	600
퓜斂훙	220	221	222	223	224	225	226	227	10000	10000	10000	10000	100	50	10	600
묶斂훙	230	231	232	233	234	235	236	237	10000	10000	10000	10000	100	50	10	600
浪斂훙	240	241	242	243	244	245	246	247	10000	10000	10000	10000	100	50	10	600
?????斂훙	250	251	252	253	254	255	256	257	10000	10000	10000	10000	100	50	10	600
???斂훙	260	261	262	263	264	265	266	267	10000	10000	10000	10000	100	50	10	600
떫斂훙	270	271	272	273	274	275	276	277	10000	10000	10000	10000	100	50	10	600
챰綾斂훙	280	281	282	283	284	285	286	287	10000	10000	10000	10000	100	50	10	600
廛斂훙	290	291	292	293	294	295	296	297	10000	10000	10000	10000	100	50	10	600
륩斂훙	300	301	302	303	304	305	306	307	10000	10000	10000	10000	100	50	10	600
???斂훙	310	311	312	313	314	315	316	317	10000	10000	10000	10000	100	50	10	600
???斂훙	320	321	322	323	324	325	326	327	10000	10000	10000	10000	100	50	10	600
棄斂훙	330	331	332	333	334	335	336	337	10000	10000	10000	10000	100	50	10	600
뜀斂훙	340	341	342	343	344	345	346	347	10000	10000	10000	10000	100	50	10	600
딧잿可	350	351	352	353	354	355	356	357	10000	10000	10000	10000	100	50	10	600
쪗짦可	360	361	362	363	364	365	366	367	10000	10000	10000	10000	100	50	10	600
嶠포錦잿斂훙	370	371	372	373	374	375	376	377	10000	10000	10000	10000	10000	10000	10000	600
렝야錦잿斂훙	380	381	382	383	384	385	386	387	10000	10000	10000	10000	100	50	10	600
솰땍却	390	391	392	393	394	395	396	397	10000	10000	10000	10000	100	50	10	600
???肱	400	401	402	403	404	405	406	407	10000	10000	10000	10000	100	50	10	600
決礪	410	411	412	413	414	415	416	417	10000	10000	10000	10000	100	50	10	600
鉤훙	420	421	422	423	424	425	426	427	10000	10000	10000	10000	100	50	10	600
였빱맘	430	431	432	433	434	435	436	437	10000	10000	10000	10000	100	50	10	600
?諒	440	441	442	443	444	445	446	447	10000	10000	10000	10000	100	50	10	600
???	450	451	452	453	454	455	456	457	10000	10000	10000	10000	100	50	10	600
垂훙	460	461	462	463	464	465	466	467	10000	10000	10000	10000	100	50	10	600
왓뤼	470	471	472	473	474	475	476	477	10000	10000	10000	10000	100	50	10	600
낚督斂	480	481	481	481	481	481	481	481	10000	10000	10000	10000	100	50	10	
괵뎐可	1000	1001	1002	1003	1004	1005	1006	1007	10000	10000	10000	10000	100	50	10	600
렬廉묏	1010	1011	1012	1013	1014	1015	1016	1017	10000	10000	10000	10000	100	50	10	600
