7040 4
#TASK_START_chx
1000001 4
1000002 4
1000003 4
1000004 4
1000005 4
1000006 4
1000011 4
1000012 4
1000013 4
1000014 4
1000015 4
1000021 4
1000022 4
1000023 4
1000024 4
1000025 4
1000026 4
1000031 4
1000032 4
1000033 4
1000034 4
1000101 4
1000102 4
1000103 4
1000104 4
1000105 4
1000111 4
1000112 4
1000113 4
1000114 4
1000115 4
1000121 4
1000122 4
1000123 4
1000124 4
1000201 4
1000202 4
1000203 4
1000204 4
1000205 4
1000206 4
1000211 4
1000212 4
1000213 4
1000214 4
1000241 4
1000242 4
1000243 4
1000244 4
1000245 4
1000246 4
1000251 4
1000252 4
1000253 4
1000254 4
1000255 4
1000301 4
1000302 4
1000303 4
1000304 4
1000311 4
1000312 4
1000313 4
1000314 4
1000315 4
1000321 4
1000322 4
1000323 4
1000324 4
1000325 4
1000331 4
1000332 4
1000333 4
1000334 4
1000401 4
1000402 4
1000403 4
1000404 4
1000405 4
1000406 4
1000411 4
1000412 4
1000413 4
1000414 4
1000421 4
1000422 4
1000423 4
1000424 4
1000431 4
1000432 4
1000433 4
1000434 4
1000435 4
1000501 4
1000502 4
1000503 4
1000504 4
1000511 4
1000512 4
1000513 4
1000514 4
1000521 4
1000522 4
1000523 4
1000524 4
1000525 4
1000531 4
1000532 4
1000533 4
1000534 4
1000601 4
1000602 4
1000603 4
1000604 4
1000611 4
1000612 4
1000613 4
1000614 4
1000615 4
1000616 4
1000621 4
1000622 4
1000623 4
1000624 4
1000631 4
1000632 4
1000633 4
1000634 4
1000701 4
1000702 4
1000703 4
1000704 4
1000711 4
1000712 4
1000713 4
1000714 4
1000715 4
1000721 4
1000722 4
1000723 4
1000724 4
1000801 4
1000802 4
1000803 4
1000804 4
1000811 4
1000812 4
1000813 4
1000814 4
1000821 4
1000822 4
1000823 4
1000824 4
1000831 4
1000832 4
1000833 4
1000834 4
1000835 4
1000901 4
1000902 4
1000903 4
1000904 4
1000905 4
1000906 4
1030001 4
1030002 4
1030003 4
1030004 4
1030005 4
1030006 4
1030007 4
1030008 4
1030009 4
1030010 4
1030011 4
1030012 4
1030013 4
1030014 4
1030015 4
1030016 4
1030017 4
1030018 4
1030019 4
1030020 4
1030021 4
1030022 4
1030023 4
1030024 4
1030025 4
1030026 4
1030027 4
1030028 4
1030029 4
1030030 4
1030031 4
1030032 4
1030033 4
1030034 4
1030035 4
1030036 4
1030037 4
1030038 4
1030039 4
1030040 4
1030041 4
1030042 4
1030043 4
1030044 4
1030045 4
1030046 4
1030047 4
1030048 4
1030049 4
1030050 4
1030051 4
1030052 4
1030053 4
1030054 4
1030055 4
1030056 4
1030057 4
1030058 4
1030059 4
1030060 4
1030061 4
1030062 4
1030063 4
1030064 4
1030065 4
1030066 4
1030067 4
1030068 4
1030069 4
1030070 4
1030071 4
1030072 4
1030073 4
1030074 4
1030075 4
1030076 4
1030077 4
1030078 4
1030079 4
1030080 4
1030081 4
1030082 4
1030083 4
1030084 4
1030085 4
1030086 4
1030087 4
1030088 4
1030089 4
1030090 4
1030091 4
1030092 4
1030093 4
1030094 4
1030095 4
1030096 4
1030097 4
1030098 4
1030099 4
#TASK_END_chx
