#####砍狗系列#####
盗贼	at:10;1;1|gu:1|es:1|wa:0;0;0;0;0;0;0;	86168	821	1	1	3	5	86087	-1	-1	0	0	14950	18048	18069	17200	18312	18313					5	20	20	1	1	1					17049	14400	14950	18312	18313	1	200	200	100	100	0	0	0	0	0
迷你蝙蝠	at:10;1;1|gu:1|es:1|wa:0;0;0;0;0;0;0;	86169	243	1	1	3	5	86087	-1	-1	0	0	14848	18048	18069	18312	18313						1	12	8	1	1						16947	14460	14848	18312	18313	1	200	200	120	80	0	0	0	0	0
敏捷的守卫	at:10;1;1|gu:1|es:1|wa:0;0;0;0;0;0;0;	86170	86105	20	20	1	1	86088	-0	-0	0	0																															1	1	0	0	0
勇猛的守卫	at:10;1;1|gu:1|es:1|wa:0;0;0;0;0;0;0;	86171	86106	20	20	1	1	86088	-1	-1	0	0																															1	1	0	0	0
海盗	at:10;1;1|gu:1|es:1|wa:0;0;0;0;0;0;0;	86172	823	1	1	2	3	86089	-1	-1	0	0	14952	18032	18053	18311	18312						1	10	10	1	1						17051	14403	14952	18311	18312	1	200	200	100	100	0	0	0	0	0
死灵	at:10;1;1|gu:1|es:1|wa:0;0;0;0;0;0;0;	86173	124	1	1	2	3	86090	-1	-1	0	0	14835	18011	18032	18310	18311						1	16	4	1	1						16934	14473	14835	18310	18311	1	200	200	160	40	0	0	0	0	0
血骷髅	at:10;1;1|gu:1|es:1|wa:0;0;0;0;0;0;0;	86174	112	1	1	2	3	86091	-1	-1	0	0	14828	18053	18074	18312	18313						1	14	6	1	1						16927	14473	14828	18312	18313	1	200	200	140	60	0	0	0	0	0
丧失心智的头目	at:10;1;1|gu:1|es:1|wa:0;0;0;0;0;0;0;	86175	86107	45	45	1	1	86092	-0	-0	0	0																															1	1	0	0	0
海盗	at:10;1;1|gu:1|es:1|wa:0;0;0;0;0;0;0;	86176	823	50	50	9	9	86093	-0	-0	0	0																															0	0	0	0	0
怨恨的幽灵	at:10;1;1|gu:1|es:1|wa:0;0;0;0;0;0;0;	86177	86108	55	55	1	1	86094	-0	-0	0	0																										1					1	1	0	0	
血魔	at:10;1;1|gu:1|es:1|wa:0;0;0;0;0;0;0;	86178	86109	50	50	6	6	86095	-0	-0	0	0																															0	0	0	0	0
火蜘蛛	at:10;1;1|gu:1|es:1|wa:0;0;0;0;0;0;0;	86179	333	1	1	2	3	86096	-1	-1	0	0	14873	18058	18312								1	10	2								16972	14435	14873	18312		1	200	200	200		0	0	0	0	0
水蜘蛛	at:10;1;1|gu:1|es:1|wa:0;0;0;0;0;0;0;	86180	332	1	1	2	3	86097	-1	-1	0	0	14872	18026	18311								1	20	2								16971	14430	14872	18311		1	200	200	200		0	0	0	0	0
土蜘蛛	at:10;1;1|gu:1|es:1|wa:0;0;0;0;0;0;0;	86181	331	1	1	2	3	86098	-1	-1	0	0	14871	18016	18310								1	10	2								16970	14435	14871	18310		1	200	200	200		0	0	0	0	0
风蜘蛛	at:10;1;1|gu:1|es:1|wa:0;0;0;0;0;0;0;	86182	334	1	1	2	3	86099	-1	-1	0	0	18313	18073									1	20									16973	14432	14874	18313		1	200	200	200		0	0	0	0	0
改造丧尸	at:10;1;1|gu:1|es:1|wa:0;0;0;0;0;0;0;	86183	86110	30	30	1	1	86100	-0	-0	0	0																															1	1	0	0	0
僵尸	at:10;1;1|gu:1|es:1|wa:0;0;0;0;0;0;0;	86184	86111	25	25	6	6	86101	-0	-0	0	0																															0	0	0	0	0
丧失心智的头目	at:10;1;1|gu:1|es:1|wa:0;0;0;0;0;0;0;	86185	86107	50	50	1	1	86102	-0	-0	0	0																															1	1	0	0	0
血骷髅	at:10;1;1|gu:1|es:1|wa:0;0;0;0;0;0;0;	86186	112	50	50	5	5	86103	-0	-0	0	0																															0	0	0	0	0
死灵	at:10;1;1|gu:1|es:1|wa:0;0;0;0;0;0;0;	86187	124	50	50	4	4	86104	-0	-0	0	0																															0	0	0	0	0
土蜘蛛	at:10;1;1|gu:1|es:1|wa:0;0;0;0;0;0;0;	86188	331	1	1	2	3	86105	-1	-1	0	1	14871	18005	18310								1	20	2								16970	14430	14871	18310		1	200	200	200		0	0	0	0	0
史莱姆	at:10;1;1|gu:1|es:1|wa:0;0;0;0;0;0;0;	86189	501	1	1	2	3	86106	-1	-1	0	1	14894	18005	18068	18310	18313						1	18	2	1	1						16993	14440	14894	18310	18313	1	200	200	180	20	0	0	0	0	0
小蝙蝠	at:10;1;1|gu:1|es:1|wa:0;0;0;0;0;0;0;	86190	241	1	1	2	3	86106	-1	-1	0	1	14846	18005	18026	18310	18311						1	12	8	1	1						16945	14460	14846	18310	18311	1	200	200	120	80	0	0	0	0	0
海盗	at:10;1;1|gu:1|es:1|wa:0;0;0;0;0;0;0;	86191	86112	50	50	1	1	86107	-0	-0	0	0																															1	1	0	0	0
地狱妖犬	at:10;1;1|gu:1|es:1|wa:0;0;0;0;0;0;0;	86192	86113	1	1	1	1	86108	-1	-1	0	0	14821	18014	18077	18310	18313						1	8	12	1	1						16920	14424	14821	18310	18313	1	200	200	80	120	0	0	0	0	0
地狱猎犬	at:10;1;1|gu:1|es:1|wa:0;0;0;0;0;0;0;	86193	86114	1	1	1	1	86108	-1	-1	0	0	14820	18057	18078	18312	18313						1	12	8	1	1						16919	14425	14820	18312	18313	1	200	200	120	80	0	0		0	0
小沐	at:10;1;1|gu:1|es:1|wa:0;0;0;0;0;0;0;	86194	86115	70	70	1	1	86109	-0	-0	0	0																															1	1	0	0	
迷你蝙蝠	at:10;1;1|gu:1|es:1|wa:0;0;0;0;0;0;0;	86195	86116	70	70	1	1	86110	-0	-0	0	0																															0	0	0	0	
迷你蝙蝠	at:10;1;1|gu:1|es:1|wa:0;0;0;0;0;0;0;	86196	86116	70	70	1	1	861110	-0	-0	0	0																															0	0	0	0	
水蜘蛛	at:10;1;1|gu:1|es:1|wa:0;0;0;0;0;0;0;	86197	86117	70	70	1	1	86111	-0	-0	0	0																															0	0	0	0	
水蜘蛛	at:10;1;1|gu:1|es:1|wa:0;0;0;0;0;0;0;	86198	86117	70	70	1	1	86111	-0	-0	0	0																															0	0	0	0	
史莱姆	at:10;1;1|gu:1|es:1|wa:0;0;0;0;0;0;0;	86199	86118	70	70	1	1	86112	-0	-0	0	0																															0	0	0	0	
史莱姆	at:10;1;1|gu:1|es:1|wa:0;0;0;0;0;0;0;	86200	86118	70	70	1	1	86112	-0	-0	0	0																															0	0	0	0	
蜥蜴战士	at:10;1;1|gu:1|es:1|wa:0;0;0;0;0;0;0;	86201	86119	70	70	1	1	86113	-0	-0	0	0																															0	0	0	0	
蜥蜴战士	at:10;1;1|gu:1|es:1|wa:0;0;0;0;0;0;0;	86202	86119	70	70	1	1	86113	-0	-0	0	0																															0	0	0	0	
