#######砍狗系列#######
##########第一章 被夺走的贡品##########
Event	李林	0	2	0	1	1	0	1000	278	82	278	82	278	82	278	82	1	1000	5	106127	0	1	0	Cayenne_kangou1_1.txt
Event	守卫	0	2	0	1	1	0	28078	18	32	18	32	18	32	18	32	1	1000	4	101820	0	1	0	Cayenne_kangou1_2.txt
Event	芙蕾亚盗贼团头目	0	2	0	1	1	0	28078	19	5	19	5	19	5	19	5	1	1000	4	101820	0	1	0	Cayenne_kangou1_3.txt
Event	受伤的盗贼	0	2	0	1	1	0	28078	20	15	20	15	20	15	20	15	1	1000	8	101820	0	1	0	Cayenne_kangou1_4.txt
Event	守卫	0	2	0	1	1	0	4201	27	59	27	59	27	59	27	59	1	1000	2	101822	0	1	8	Cayenne_kangou1_5.txt
Event	丧失心智的头目	0	2	0	1	1	0	28079	10	4	10	4	10	4	10	4	1	1000	4	101824	0	1	0	Cayenne_kangou1_6.txt
Event	丧失心智的头目	0	2	0	1	1	0	28080	10	4	10	4	10	4	10	4	1	1000	4	101824	0	1	0	Cayenne_kangou1_7.txt
##########第二章 泰格利的烦恼##########
Event	大侦探汉克	0	2	0	1	1	0	1154	35	41	35	41	35	41	35	41	1	1000	5	14546	0	1	0	Cayenne_kangou2_1.txt
Event	植物	0	2	0	1	1	0	4200	28	49	28	49	28	49	28	49	1	1000	0	10092	0	1	7	Cayenne_kangou2_2.txt
Event	水	0	2	0	1	1	0	4200	47	31	47	31	47	31	47	31	1	1000	0	11670	0	1	7	Cayenne_kangou2_3.txt
Event	土壤	0	2	0	1	1	0	4200	72	42	72	42	72	42	72	42	1	1000	0	6808	0	1	7	Cayenne_kangou2_4.txt
Event	元素研究者	0	2	0	1	1	0	2300	35	46	35	46	35	46	35	46	1	1000	5	14084	0	1	0	Cayenne_kangou2_5.txt
Event	元素专家耐罗恩	0	2	0	1	1	0	1504	28	23	28	23	28	23	18	23	1	1000	5	14188	0	1	0	Cayenne_kangou2_6.txt
Event	泰格利	0	2	0	1	1	0	400	582	258	582	258	582	258	582	258	1	1000	5	14197	0	1	0	Cayenne_kangou2_7.txt
Event	除魔师亨特	0	2	0	1	1	0	4011	16	6	16	6	16	6	16	6	1	1000	5	14109	0	1	0	Cayenne_kangou2_8.txt
Event	怨恨的幽灵	0	2	0	1	1	0	4201	65	54	65	54	65	54	65	54	1	60000	6	101121	0	1	8	Cayenne_kangou2_9.txt
Event	怨恨的幽灵	0	2	0	1	1	0	28081	65	54	65	54	65	54	65	54	1	60000	6	101121	0	1	8	
Event	坟墓	0	2	0	1	1	0	28081	72	52	72	52	72	52	72	52	1	60000	6	11048	0	1	0	Cayenne_kangou2_10.txt
##########第三章 丧失心智的海盗##########
Event	泰格利	0	2	0	1	1	0	28082	15	9	15	9	15	9	15	9	1	1000	5	14197	0	1	0	Cayenne_kangou3_1.txt
Event	书	0	2	0	1	1	0	28082	24	9	24	9	24	9	24	9	1	1000	5	27845	0	1	0	Cayenne_kangou3_2.txt
Event	石头	0	2	0	1	1	0	28082	12	5	12	5	12	5	12	5	1	1000	4	12140	0	1	0	Cayenne_kangou3_3.txt
Event	小沐	0	2	0	1	1	0	16503	35	39	35	39	35	39	35	39	1	1000	5	106377	0	1	0	Cayenne_kangou3_4.txt
Event	米内鲁帕	0	2	0	1	1	0	28083	10	13	10	13	10	13	10	13	1	1000	5	14096	0	1	0	Cayenne_kangou3_5.txt
Event	小沐	0	2	0	1	1	0	28084	10	13	10	13	10	13	10	13	1	1000	6	106377	0	1	0	Cayenne_kangou3_6.txt
Event	贝拉米的意志	0	2	0	1	1	0	28084	11	10	11	10	11	10	11	10	1	1000	4	16198	0	1	0	Cayenne_kangou3_7.txt
Event	丧失心智的海贼	0	2	0	1	1	0	28085	15	9	15	9	15	9	15	9	1	1000	4	101824	0	1	0	Cayenne_kangou3_8.txt
Event	丧失心智的海贼	0	2	0	1	1	0	28086	15	9	15	9	15	9	15	9	1	1000	4	101824	0	1	0	Cayenne_kangou3_9.txt
##########第四章 蒂娜沉船遗迹##########
Event	老渔民	0	2	0	1	1	0	400	592	331	592	331	592	331	592	331	1	1000	5	14145	0	1	0	Cayenne_kangou4_1.txt
Event	副手乔治	0	2	0	1	1	0	28091	27	23	27	23	27	23	27	23	1	1000	4	101532	0	1	0	Cayenne_kangou4_2.txt
Event	树木	0	2	0	1	1	0	400	678	319	678	319	678	319	678	319	1	1000	4	10092	0	1	0	Cayenne_kangou4_3.txt
Event	门	0	2	0	1	1	0	28088	13	4	13	4	13	4	13	4	1	1000	4	17694	0	1	0	Cayenne_kangou4_4.txt
Event	海盗	0	2	0	1	1	0	28089	15	11	15	11	15	11	15	11	1	1000	4	101822	0	1	0	Cayenne_kangou4_5.txt
Event	贝拉米的舵手	0	2	0	1	1	0	28094	15	11	15	11	15	11	15	11	1	1000	4	101822	0	1	0	Cayenne_kangou4_6.txt
Event	石板	0	2	0	1	1	0	400	117	323	117	323	117	323	117	323	1	1000	4	11573	0	1	0	Cayenne_kangou4_7.txt
Event	小沐	0	2	0	1	1	0	28092	11	6	11	6	11	6	11	6	1	1000	4	106377	0	1	0	Cayenne_kangou4_8.txt
Event	柜子	0	2	0	1	1	0	28095	24	18	24	18	24	18	24	18	1	1000	6	17007	0	1	0	Cayenne_kangou4_11.txt
Event	小沐	0	2	0	1	1	0	28096	15	8	15	8	15	8	15	8	1	1000	4	106377	0	1	0	Cayenne_kangou4_9.txt
Event	阿鲁巴斯	0	2	0	1	1	0	28096	17	7	17	7	17	7	17	7	1	1000	4	100602	0	1	0	Cayenne_kangou4_9.txt
Event	米内鲁帕	0	2	0	1	1	0	28096	19	8	19	8	19	8	19	8	1	1000	4	14096	0	1	0	Cayenne_kangou4_9.txt
Event	小沐	0	2	0	1	1	0	28097	15	8	15	8	15	8	15	8	1	1000	4	106377	0	1	0	JJ_kangou4_10.txt
Techshop	训练师	0	2	0	1	1	0	28098	9	8	9	8	9	8	9	8	1	60000	6	14527	0	1	0	100|10158|10159|10160|10161|10162|25600
