#####半山1彷徨的亡灵#####
60100	27	0	0	0	0	0	0	0	0		0	2	0	2	2	2	2	2	2		9303	7300	7400	359	34	2909	3009	4454	4554		100	20	25	30	35	40	45	35	35	
60101	0	0	0	0	0	0	0				2	0	0	2	2	2	2				7300	7400	850	3809	4309	2309	2409				10	20	30	40	50	60	70			
#####半山2亡者之镇#####
60102	0	0								0	2	35								0	7300	7532								7400	40	60								100
60103	0	0	0							0	2	2	38							0	7300	500	3901							7400	60	30	60							100
60104	0	0								0	2	37								0	7300	7732								7400	60	50								100
60105	0	0								0	2	39								0	7300	7850								7400	50	50								100
60106	0	0	0							0	2	2	6							0	7300	32	7300							7400	50	60	50							100
60107	0	0	0	0	0	0					2	0	2	2	2	2					7300	7400	158	405	2709	2909					10	20	30	40	50	60				
60108	0	0	0							0	2	2	2							0	7300	51	158							7400	20	40	50							100
#####半山3圣鸟之谜#####
60109	0	0	0							0	31	16	31							38	7300	336	36							7300	30	43	75							100
60110	0	0								0	2	0								0	7300	7400								16000	60	30								100
60111	0	0	0	0						0	2	31	2	0						0	332	934	7300	7400						1000	20	30	60	50						100
60112	0	0								0	2	2								0	7300	30								7400	30	60								100
60113	0	2	2	0						0	2	2	2	0						2	7300	2330	2630	7400						7300	80	50	50	50						100
60114	0	0								0	2	0								0	7300	7400								15002	80	50								100
60115	10	0								0	0	2								4	1232	7300								7300	50	50								100
60116	0	0	0							0	2	2	4							2	7300	330	8130							7300	20	40	60							100
60117	0	0	0	0	0	0	0	0			2	0	2	2	2	2	2	2			7300	7400	9458	359	2309	2509	3009	4954			20	20	30	35	40	45	45	45		
60118	0	0	0	0	0	0					2	0	2	2	2	2					7300	7400	9458	2309	2409	4654					20	20	30	40	45	45				
#####半山4赎罪的亡灵#####
60119	0	0	0							0	31	16	31							38	7300	336	36							7300	30	43	75							100
60120	0	0								0	2	0								0	7300	7400								16000	60	30								100
60121	0	0	0	0						0	2	31	2	0						0	332	934	7300	7400						1000	20	30	60	50						100
60122	0	0								0	2	2								0	7300	30								7400	30	60								100
60123	10	0								0	0	2								4	1232	7300								7300	50	50								100
60124	0	0	0							0	2	2	4							2	7300	330	8130							7300	20	40	60							100
60125	0	0	0							0	2	2	4							2	7300	330	8130							7300	20	40	60							100
60126	0	0	8	0	0	0	0	0	0		2	0	2	2	2	2	2	2	2		7300	7400	3109	2809	3009	4854	4954	4654	4554		20	20	30	35	40	45	45	45	45	
#####半山5小岛之谜#####
60127	0	0	0							0	31	16	31							38	7300	336	36							7300	30	43	75							100
60128	0	0								0	2	0								0	7300	7400								16000	60	30								100
60129	0	0	0	0						0	2	31	2	0						0	332	934	7300	7400						1000	20	30	60	50						100
60130	0	0								0	2	2								0	7300	30								7400	30	60								100
#####半山6地狱的回响#####
60131	0	0	0							0	2	2	0							2	7300	30	7400							7300	60	60	60							100
60132	0	0	0							0	2	2	4							0	7300	102	7300							7400	50	50	50							100
60133	0	0	0							0	2	2	2							0	132	332	7300							7400	20	35	80							100
60134	0	0								0	2	2								0	7300	302								7400	50	70								100
#####半山8死神的降临#####
60135	0	0	0							0	31	16	31							38	7300	336	36							7300	30	43	75							100
60136	0	0								0	2	0								0	7300	7400								16000	60	30								100
60137	0	0	0	0						0	2	31	2	0						0	332	934	7300	7400						1000	20	30	60	50						100
60138	0	0								0	2	2								0	7300	30								7400	30	60								100
60139	0	0	0							0	2	2	0							2	7300	30	7400							7300	60	60	60							100
60140	0	0	0							0	2	2	4							0	7300	102	7300							7400	50	50	50							100
60141	0	0	0							0	2	2	2							0	132	332	7300							7400	20	35	80							100
60142	0	0								0	2	2								0	7300	302								7400	50	70								100
60143	0	0	0							0	2	31	2							2	7300	604	7400							7300	40	30	35							100
60144	0									0	2									0	7300									850	60									100
60145	0	0	0							0	2	2	0							2	7300	30	7400							7300	60	60	60							100
60146	0	0								0	2	2								0	7300	302								7400	50	70								100
60147	0	0	0							0	2	2	2							0	132	332	7300							7400	20	35	80							100
60148	0	0								0	2	2								0	7300	603								7400	60	35								100
60149	0	0	0							0	2	2	4							0	7300	102	7300							7400	50	50	50							100
60150	0	0	0							0	2	2	2							0	7300	301	8103							7400	33	50	99							100
60151	0	0	0	8	0						2	2	2	0	2						7300	4654	609	1234	158						10	30	40	40	45					
60152	0	0	0	8	0						2	2	2	0	2						7300	4554	609	1234	34						10	30	40	40	45					
60153	0	0	0	8	0						2	2	2	0	2						7300	4454	609	1234	359						10	30	40	40	45					
60154	0	0	0	8	0						2	2	2	0	2						7300	4854	609	1234	9458						10	30	40	40	50					
60155	0	0								0	2	2								0	7300	302								7400	50	70								100
60156	0	0								0	2	2								0	7300	302								7400	50	70								100
60157	89	0	0	0	0	0	0				0	1	1	1	1	1	1				5609	7300	26209	158	9458	2206	36				100	40	45	50	55	50	55			
60158	88	89	0	0	0	0	0	0			1	0	1	1	1	1	0	1			40009	6409	2009	2109	2209	25709	5509	7300			100	100	50	55	60	65	50	30		
#####半山9死与新生#####
60159	0									0	2									0	7300									850	60									100
60160	0									0	2									0	7300									850	60									100
60161	0	0	0							0	2	2	2							0	132	332	7300							7400	20	35	80							100
60162	0	0	0	0							2	0	2	2							7300	7400	158	2709							10	20	40	45						
60163	0	0	0	0							2	0	2	2							7300	7400	359	2909							10	20	40	45						
60164	0	0	9								2	0	2								7300	7400	8606								50	10	40							
60165	0	88	0	0	0	0	0	0	0	0	2	2	2	2	2	2	2	2	2	5	7300	8801	158	509	36	407	8650	7655	4954	26109	20	100	30	35	40	45	50	55	60	60
60166	0	0	0	0	0	0	0	0	0	0	2	0	2	2	2	2	0	4	1	0	7300	7400	2309	2409	2509	2609	850	9658	6709	16000	10	20	30	35	40	45	30	20	40	30
60167	0	0	0	0	0	0	0	0	0		2	0	2	2	2	2	0	1	0		7300	7400	2309	2409	2509	2609	850	6709	16000		10	20	30	35	40	45	40	40	30	
60168	0	0	0							0	2	2	2							0	132	332	7300							7400	20	35	80							100
