#####半山1彷徨的亡灵#####
Event	士兵海德	0	2	0	1	1	0	1520	81	18	81	18	81	18	81	18	1	60000	6	14059	0	1	0	Cayenne_banshanyao1_1.txt
Event	村民	0	2	0	1	1	0	4200	64	51	64	51	64	51	64	51	1	60000	6	14097	0	1	0	Cayenne_banshanyao1_2.txt
Event	亡魂	0	2	0	1	1	0	4201	64	50	64	50	64	50	64	50	1	60000	6	101121	0	1	0	Cayenne_banshanyao1_3.txt
Event	亡魂?	0	2	0	1	1	0	57175	64	51	64	51	64	51	64	51	1	60000	6	101122	0	1	0	Cayenne_banshanyao1_4.txt
StandEnemy	亡魂?	0	2	0	1	1	0	4201	64	51	64	51	64	51	64	51	1	60000	6	101122	0	1	0	3|0,57175,63,51|141174|-1||||5043|0|83020|
#####半山2亡者之镇#####
Event	博学者	0	2	0	1	1	0	1504	18	19	18	19	18	19	18	19	1	60000	6	14086	0	1	0	Cayenne_banshanyao2_1.txt
Event	守信用的水手	0	2	0	1	1	0	400	668	321	668	321	668	321	668	321	1	60000	6	14155	0	1	0	Cayenne_banshanyao2_2.txt
Event	守信用的水手	0	2	0	1	1	0	57179	44	25	44	25	44	25	44	25	1	60000	6	14155	0	1	0	Cayenne_banshanyao2_3.txt
Event	瑞娜的父亲	0	2	0	1	1	0	57176	70	81	70	81	70	81	70	81	1	60000	4	101123	0	1	0	Cayenne_banshanyao2_4.txt
Event	瑞娜的母亲	0	2	0	1	1	0	57176	72	83	72	83	72	83	72	83	1	60000	6	101121	0	1	0	Cayenne_banshanyao2_5.txt
Event	酒吧老板	0	2	0	1	1	0	57176	55	81	55	81	55	81	55	81	1	60000	0	101122	0	1	0	Cayenne_banshanyao2_6.txt
Event	醉鬼亨利	0	2	0	1	1	0	57176	57	74	57	74	57	75	57	74	1	60000	6	101123	0	1	0	Cayenne_banshanyao2_7.txt
Event	酒鬼凯尔	0	2	0	1	1	0	57176	54	72	54	72	54	72	54	72	1	60000	4	101121	0	1	0	Cayenne_banshanyao2_8.txt
Event	罗伯尼克博士	0	2	0	1	1	0	57176	59	78	59	78	59	78	59	78	1	60000	6	101120	0	1	0	Cayenne_banshanyao2_9.txt
Event	觅食的水龙蜥	0	2	0	1	1	0	57176	82	20	82	20	82	20	82	20	1	60000	4	101721	0	1	0	Cayenne_banshanyao2_10.txt
Event	深海领主	0	2	0	1	1	0	57177	20	17	20	17	20	17	20	17	1	60000	0	120070	0	1	0	Cayenne_banshanyao2_11.txt
Event	深海领主	0	2	0	1	1	0	57178	20	17	20	17	20	17	20	17	1	60000	0	120070	0	1	0	Cayenne_banshanyao2_12.txt
#####半山3圣鸟之谜#####
Event	时光机器	0	2	0	1	1	0	57180	19	10	19	10	19	10	19	10	1	60000	4	1	0	1	0	Cayenne_banshanyao3_1.txt
Event	瑞娜	0	2	0	1	1	0	57181	11	12	11	12	11	12	11	12	1	60000	4	100320	0	1	0	Cayenne_banshanyao3_2.txt
Event	村民	0	2	0	1	1	0	57176	79	88	79	88	79	88	79	88	1	60000	6	101123	0	1	0	Cayenne_banshanyao3_3.txt
Event	圣鸟的子嗣	0	2	0	1	1	0	57183	14	11	14	11	14	11	14	11	1	60000	4	107213	0	1	0	Cayenne_banshanyao3_4.txt
Event	阿鲁卡那斯	0	2	0	1	1	0	57184	23	22	23	22	23	22	23	22	1	60000	4	107203	0	1	0	Cayenne_banshanyao3_5.txt
Event	阿鲁卡那斯	0	2	0	1	1	0	57185	23	22	23	22	23	22	23	22	1	60000	4	107203	0	1	0	Cayenne_banshanyao3_6.txt
#####半山4赎罪的亡灵#####
Event	胆小鬼村民	0	2	0	1	1	0	400	583	317	583	317	583	317	583	317	1	60000	4	14147	0	1	0	Cayenne_banshanyao4_1.txt
Event	亡灵修特	0	2	0	1	1	0	57216	69	50	69	50	69	50	69	50	1	60000	6	101122	0	1	0	Cayenne_banshanyao4_2.txt
Event	瑞娜	0	2	0	1	1	0	57210	56	75	56	75	56	75	56	75	1	60000	4	100320	0	1	0	Cayenne_banshanyao4_3.txt
Event	圣鸟的子嗣	0	2	0	1	1	0	57212	14	11	14	11	14	11	14	11	1	60000	4	107213	0	1	0	Cayenne_banshanyao4_4.txt
Event	阿鲁卡那斯	0	2	0	1	1	0	57213	23	22	23	22	23	22	23	22	1	60000	4	107203	0	1	0	Cayenne_banshanyao4_5.txt
Event	修特	0	2	0	1	1	0	57214	69	47	69	47	69	47	69	47	1	60000	6	100529	0	1	0	Cayenne_banshanyao4_6.txt
Event	修特	0	2	0	1	1	0	57215	69	47	69	47	69	47	69	47	1	60000	6	100529	0	1	0	Cayenne_banshanyao4_7.txt
#####半山5小岛之谜#####
Event	阿斯提亚祭司	0	2	0	1	1	0	1504	27	15	27	15	27	15	27	15	1	60000	4	14505	0	1	0	Cayenne_banshanyao5_1.txt
Event	圣鸟的子嗣	0	2	0	1	1	0	57247	14	11	14	11	14	11	14	11	1	60000	4	107213	0	1	0	Cayenne_banshanyao5_2.txt
Event	阿鲁卡那斯	0	2	0	1	1	0	57248	23	22	23	22	23	22	23	22	1	60000	4	107203	0	1	0	Cayenne_banshanyao5_3.txt
Event	阿鲁卡	0	2	0	1	1	0	100	398	168	398	168	398	168	398	168	1	60000	6	231140	0	1	0	Cayenne_banshanyao5_4.txt
#####半山6地狱的回响#####
Event	奇怪的薄冰	0	2	0	1	1	0	57182	81	56	81	56	81	56	81	56	1	60000	6	1	0	1	0	Cayenne_banshanyao6_1.txt
Event	濒死的圣鸟子嗣	0	2	0	1	1	0	57403	24	25	24	25	24	25	24	25	1	60000	4	107213	0	1	0	Cayenne_banshanyao6_2.txt
Event	阿鲁卡那斯	0	2	0	1	1	0	57404	23	22	23	22	23	22	23	22	1	60000	4	107203	0	1	0	Cayenne_banshanyao6_3.txt
Billboard		0	2	0	1	1	0	57403	18	25	18	25	18	25	18	25	1	60000	0	110184	0	1	0	
Billboard		0	2	0	1	1	0	57403	24	19	24	19	24	19	24	19	1	60000	0	110184	0	1	0	
Billboard		0	2	0	1	1	0	57403	30	25	30	25	30	25	30	25	1	60000	0	110184	0	1	0	
Billboard		0	2	0	1	1	0	57403	24	30	24	30	24	30	24	30	1	60000	0	110184	0	1	0	
Spiritman	大天使	0	2	0	1	1	0	57405	62	13	62	13	62	13	62	13	1	60000	5	120050	0	1	0	0|990001|990002|990003|990004|990005|990006|990007|990008|990009|990010
#####半山7结界之链#####
Event	见习结界师之魂	0	2	0	1	1	0	1000	167	223	167	223	167	223	167	223	1	60000	6	14526	0	1	8	Cayenne_banshanyao7_1.txt
#####半山8死神的降临#####
Event	神官鲁因	0	2	0	1	1	0	57474	60	81	60	81	60	81	60	81	1	60000	6	14500	0	1	0	Cayenne_banshanyao8_1.txt
Event	奇怪的薄冰	0	2	0	1	1	0	57475	81	56	81	56	81	56	81	56	1	60000	6	1	0	1	0	Cayenne_banshanyao8_2.txt
Event	瑞娜的幻象	0	2	0	1	1	0	57473	24	25	24	25	24	25	24	25	1	60000	4	100320	0	1	0	Cayenne_banshanyao8_3.txt
Event		0	2	0	1	1	0	57473	24	19	24	19	24	19	24	19	1	60000	0	110184	0	1	0	Cayenne_banshanyao8_4.txt
Event		0	2	0	1	1	0	57473	30	25	30	25	30	25	30	25	1	60000	0	110184	0	1	0	Cayenne_banshanyao8_5.txt
Event		0	2	0	1	1	0	57473	24	31	24	31	24	31	24	31	1	60000	0	110184	0	1	0	Cayenne_banshanyao8_6.txt
Event		0	2	0	1	1	0	57473	18	25	18	25	18	25	18	25	1	60000	0	110184	0	1	0	Cayenne_banshanyao8_7.txt
Event	地之地狱守门人	0	2	0	1	1	0	57467	26	12	26	12	26	12	26	12	1	60000	4	107910	0	1	0	Cayenne_banshanyao8_8.txt
Event	骸骨	0	2	0	1	1	0	57468	26	12	26	12	26	12	26	12	1	60000	4	15191	0	1	0	Cayenne_banshanyao8_9.txt
Event	冰之地狱守门人	0	2	0	1	1	0	57470	35	24	35	24	35	24	35	24	1	60000	6	107911	0	1	0	Cayenne_banshanyao8_10.txt
Event	骸骨	0	2	0	1	1	0	57488	35	24	35	24	35	24	35	24	1	60000	4	15191	0	1	0	Cayenne_banshanyao8_11.txt
Event	火之地狱守门人	0	2	0	1	1	0	57477	24	12	24	12	24	12	24	12	1	60000	4	107912	0	1	0	Cayenne_banshanyao8_12.txt
Event	骸骨	0	2	0	1	1	0	57478	24	12	24	12	24	12	24	12	1	60000	4	15191	0	1	0	Cayenne_banshanyao8_13.txt
Event	风之地狱守门人	0	2	0	1	1	0	57490	35	25	35	25	35	25	35	25	1	60000	6	107913	0	1	0	Cayenne_banshanyao8_14.txt
Event	骸骨	0	2	0	1	1	0	57491	35	25	35	25	35	25	35	25	1	60000	4	15191	0	1	0	Cayenne_banshanyao8_15.txt
Event	阿鲁卡那斯	0	2	0	1	1	0	57472	681	18	681	18	681	18	681	18	1	60000	5	107203	0	1	0	Cayenne_banshanyao8_16.txt
Event	阿鲁卡那斯	0	2	0	1	1	0	57479	681	18	681	18	681	18	681	18	1	60000	5	107203	0	1	0	Cayenne_banshanyao8_17.txt
#####半山9死与新生#####
Event	死亡石碑	0	2	0	1	1	0	57486	377	421	377	421	377	421	377	421	1	60000	4	1	0	1	0	Cayenne_banshanyao9_1.txt
Event	死神的点火台	0	2	0	1	1	0	57471	5	11	5	11	5	11	5	11	1	60000	6	1	0	1	0	Cayenne_banshanyao9_2.txt
Event	死神的仆从	0	2	0	1	1	0	57471	22	10	22	10	22	10	22	10	1	60000	6	107101	0	1	0	Cayenne_banshanyao9_3.txt
Event	茫	0	2	0	1	1	0	57487	49	6	49	6	49	6	49	6	1	60000	4	107103	0	1	0	Cayenne_banshanyao9_4.txt
Event	瑞娜?	0	2	0	1	1	0	57487	51	8	51	8	51	8	51	8	1	60000	6	100320	0	1	0	Cayenne_banshanyao9_5.txt
Event	荷特普	0	2	0	1	1	0	57485	22	19	22	19	22	19	22	19	1	60000	6	101532	0	1	0	Cayenne_banshanyao9_6.txt
Event		0	2	0	1	1	0	57486	217	356	217	356	217	356	217	356	1	60000	0	110097	0	1	0	
